student_id,password,email
S00005,h4lxEne9wXoo,akhil.iyer005@college.edu
S00070,KEhkhaHn4Peo,vishnu.pillai070@college.edu
S00112,swqDD1FUfx9z,priya.iyer112@college.edu
S00125,cx6Cm4RuCVEX,vishnu.menon125@college.edu
S00145,qclFBBvmMlCM,anand.patel145@college.edu
S00211,3XfIAaZ1PWBj,vishnu.nair211@college.edu
S00220,pQFeyorirArR,anjali.patel220@college.edu
S00221,0RVAORMGvyux,aditya.iyer221@college.edu
S00274,SzMtFw3Es2Ff,sneha.menon274@college.edu
S00294,Vof3eo8MkuxN,sanjay.das294@college.edu
S00301,iTUTBQbVxvCs,arjun.nair301@college.edu
S00321,HAkivYyCmijH,pooja.sharma321@college.edu
S00341,v8Wyl6qSTvdJ,aishwarya.sharma341@college.edu
S00357,B1fWEBbmbqDW,pooja.sharma357@college.edu
S00382,gR7wu7QumnnZ,vishnu.menon382@college.edu
S00406,sXAcZ3vneoFV,meera.iyer406@college.edu
S00443,L1y3hoawqyUj,kavya.nair443@college.edu
S00451,06M51b2hyXAs,pooja.gupta451@college.edu
S00456,NZoLJdoHhCa1,kavya.das456@college.edu
S00515,Y40TsEOzCKyH,divya.kumar515@college.edu
S00564,qStL10ZtL3eU,akhil.reddy564@college.edu
S00590,o5fznScY1vmc,divya.nair590@college.edu
S00607,O9RPMNZax80G,sreya.nair607@college.edu
S00615,aXExVC6tZ1MC,anand.nair615@college.edu
S00618,KQ3l4veAhjyh,arjun.reddy618@college.edu
S00622,L3vHZfV9x9lp,divya.kumar622@college.edu
S00636,kLubTOJZxL5r,anjali.gupta636@college.edu
S00744,0FyyoRq1UpkT,priya.menon744@college.edu
S00751,qFDFjC75oBrU,pooja.gupta751@college.edu
S00771,GAUZP54jR1lp,vishnu.pillai771@college.edu
S00839,SZK3aBWF0UFu,rohit.nair839@college.edu
S00886,6iZilDotyvK2,sreya.das886@college.edu
S00927,kBRR2o7JSR28,sanjay.patel927@college.edu
S00943,Ce3uG9JdZaWg,vishnu.patel943@college.edu
S00990,kqsAJvJq2odu,vishnu.pillai990@college.edu
S01017,RP4arIZtCir3,pooja.gupta017@college.edu
S01027,SSU11KFaQ5rY,vishnu.kumar027@college.edu
S01029,1nS4Auf5qut1,rohit.menon029@college.edu
S01064,1BlWR6INhnQh,neha.pillai064@college.edu
S01075,Tvu5F6XBPyuD,sanjay.gupta075@college.edu
S01086,0O9DqtomgNmO,rohit.patel086@college.edu
S01106,gSQn4DYNTTSW,arjun.gupta106@college.edu
S01135,t0zpiaza8CmC,divya.patel135@college.edu
S01136,fDbICHN5oj7K,sreya.kumar136@college.edu
S01172,5NCbjJu84AHs,sreya.sharma172@college.edu
S01183,N9agYVwITIAW,rohit.iyer183@college.edu
S01208,Oc8PLwXSdq5c,neha.menon208@college.edu
S01239,FIGAW8nZl7JV,akhil.gupta239@college.edu
S01250,tNURr4IUNsg1,aishwarya.pillai250@college.edu
S01260,ghYFYwNM4ti7,priya.gupta260@college.edu
S01269,kPHZ0KH1E8zG,pooja.pillai269@college.edu
S01281,C5Cu197AkQvM,kiran.reddy281@college.edu
S01333,RBIB4fhSOYeZ,anjali.gupta333@college.edu
S01334,WCZQ89JY8KXM,kavya.kumar334@college.edu
S01336,zGZCHat2Fy40,aishwarya.iyer336@college.edu
S01350,W39I4FvFkMlE,nikhil.iyer350@college.edu
S01388,8qdhO5MiJDG1,divya.sharma388@college.edu
S01459,sYiFXKFcMzoM,rahul.iyer459@college.edu
S01464,OfVmQTWV63Xl,sneha.nair464@college.edu
S01470,5mxhdzKcbp0x,kiran.nair470@college.edu
S01481,MTVNpxMAvY2w,rohit.patel481@college.edu
S01505,CozlNgK7nW8e,pooja.menon505@college.edu
S01531,P8FHxhHb3PFQ,meera.gupta531@college.edu
S01578,N6XsOHfSFTzt,rahul.patel578@college.edu
S01586,XgFTznWKX0jZ,rahul.kumar586@college.edu
S01596,XdDZeqV5RMJb,sanjay.pillai596@college.edu
S01634,D3sGLP8pdU5w,sneha.menon634@college.edu
S01644,97m2Rpj0F5nm,anjali.das644@college.edu
S01661,EASAIJNLYryI,sanjay.das661@college.edu
S01691,xZVbkLNz5nOV,meera.iyer691@college.edu
S01712,Eew3XyTbn6Q4,priya.menon712@college.edu
S01728,J2rzQHVygWcW,pooja.kumar728@college.edu
S01749,6CDRzVoQE61G,aishwarya.pillai749@college.edu
S01761,RvymfDXUtAji,aditya.sharma761@college.edu
S01806,X8vNYFRgLhiq,meera.nair806@college.edu
S01824,qgsfUQccD2JQ,priya.menon824@college.edu
S01830,g69Fici6uVAR,aishwarya.sharma830@college.edu
S01862,9V1f09szgPXF,rohit.kumar862@college.edu
S01884,XgyVRM4ZvPdT,nikhil.das884@college.edu
S01903,o2uysy7RL1tt,priya.das903@college.edu
S01917,zyB6GyVuTds6,aishwarya.menon917@college.edu
S01990,ix2gYR55c6JS,aditya.patel990@college.edu
S02003,NcgrhKaLtJfr,kiran.iyer003@college.edu
S02013,EriWnFaQcnCW,anand.gupta013@college.edu
S02024,IfGNNzVtqhYh,kiran.sharma024@college.edu
S02084,oNJHr15dGEaU,arjun.menon084@college.edu
S02087,IpNTPJbAdrMa,kavya.das087@college.edu
S02172,G9xEyFBTj0VD,aditya.kumar172@college.edu
S02175,Do6AwyYX7wQo,akhil.sharma175@college.edu
S02204,yOJ5zaRSw19n,aditya.menon204@college.edu
S02227,QxqQQoeEHWzC,aditya.nair227@college.edu
S02260,Iq177rDc4r8P,aditya.kumar260@college.edu
S02281,KrdVVUnnmh8Z,sneha.iyer281@college.edu
S02324,Bxb4dkEdou4Z,anjali.menon324@college.edu
S02350,DT8YaOOKzAne,sreya.menon350@college.edu
S02361,6g2zzT8BQXXu,rohit.gupta361@college.edu
S02374,duOVFbd3dzu8,akhil.kumar374@college.edu
S02398,nn0hRUGqH0ZL,akhil.patel398@college.edu
S02433,yG2tfnDQ7SWK,neha.kumar433@college.edu
S02485,mxgVaag07NIH,sneha.gupta485@college.edu
S02486,9h3uco1Vsaj4,pooja.sharma486@college.edu
S02496,O8oIbFGsG7sW,aditya.nair496@college.edu
S02525,NBlbMeBKLZle,arjun.iyer525@college.edu
S02531,7OwUzc1Y9DqI,vishnu.patel531@college.edu
S02544,kT283pstw7np,kavya.gupta544@college.edu
S02548,M8kk3ExspFbk,sanjay.iyer548@college.edu
S02569,Rb9OaqHuWLZd,akhil.nair569@college.edu
S02623,ayMjPDcdX2r6,akhil.sharma623@college.edu
S02642,mvzEomXyXZT7,akhil.patel642@college.edu
S02644,pVZYDjlpGy0r,kavya.patel644@college.edu
S02658,fHfdoU30psu1,sneha.menon658@college.edu
S02692,1dRXPB2eUhzG,sreya.gupta692@college.edu
S02720,el1rp80DrEo9,neha.patel720@college.edu
S02806,b8W2b6zfT2NC,rahul.kumar806@college.edu
S02811,UoVWtBCcgIb1,sneha.gupta811@college.edu
S02815,lBfkbNUBuKWd,divya.patel815@college.edu
S02834,QfjO6xPZz2OR,arjun.kumar834@college.edu
S02967,PrzRKKaCbz7Z,akhil.pillai967@college.edu
S02969,G3x2QQ7gcYJp,vishnu.patel969@college.edu
S02972,GRNxVznh2T3d,rohit.patel972@college.edu
S02999,256s7oYg1Y24,rahul.iyer999@college.edu
S03051,mVrwBryEZyw3,priya.das051@college.edu
S03058,cNBpXJgsW39b,aditya.menon058@college.edu
S03106,zIJlXBqdwrJH,sneha.patel106@college.edu
S03119,Zj1aZXn3UWrK,sneha.kumar119@college.edu
S03152,5BUHbNurdqR4,meera.iyer152@college.edu
S03174,AQQJvvu4ykWH,aishwarya.sharma174@college.edu
S03218,13No0wogvGiZ,neha.iyer218@college.edu
S03223,iYqrjfZBtTt1,nikhil.menon223@college.edu
S03227,ukLvzJzSQmyN,anjali.das227@college.edu
S03243,cVgsNfZstIk1,kavya.kumar243@college.edu
S03327,BpQcF50HlnLM,anjali.gupta327@college.edu
S03388,lpIsvwyr7Hfl,pooja.menon388@college.edu
S03435,6waYiDIdFqVX,aditya.sharma435@college.edu
S03460,v0hkP3DvdMrk,aishwarya.pillai460@college.edu
S03489,8fxOpbqtMLNP,aditya.patel489@college.edu
S03497,4yfRGQ9Hu4Sl,sneha.iyer497@college.edu
S03555,nY3HQFIm8zkg,kiran.gupta555@college.edu
S03556,8KTcTCKpnbFf,meera.das556@college.edu
S03570,dHMyutu0ZcHY,aditya.reddy570@college.edu
S03666,hk2U5FkkChfk,aishwarya.nair666@college.edu
S03687,jpBdhwqVrOZB,kavya.kumar687@college.edu
S03711,Wg1YgVipwNNC,kiran.nair711@college.edu
S03748,gElU7dq2jZ3T,nikhil.das748@college.edu
S03764,AUxDCigQzp4s,meera.sharma764@college.edu
S03769,wKr9AlG2iNJp,vishnu.nair769@college.edu
S03805,EhKezxWqHx51,anjali.nair805@college.edu
S03869,mgn0s6Mi5ENm,kavya.das869@college.edu
S03878,Sc7AgJOtuCh5,aishwarya.patel878@college.edu
S03919,gjEGne6RoFtA,neha.kumar919@college.edu
S03966,8Yj3iSSCENcB,kiran.menon966@college.edu
S03986,5T6S2JgYdU2Q,meera.reddy986@college.edu
S04004,4kgVhpTwnXjV,sneha.das004@college.edu
S04037,SPEUOc5gUu9Z,priya.kumar037@college.edu
S04068,R5V1EA979Z4L,anjali.patel068@college.edu
S04109,Wm3rZ6WKNyqX,akhil.kumar109@college.edu
S04216,nvyEjR5ZDAnQ,sanjay.menon216@college.edu
S04252,1Oif4G1alO0b,akhil.das252@college.edu
S04257,xQq2THoqXtxn,arjun.menon257@college.edu
S04300,Aj1gJFtF82rP,aishwarya.kumar300@college.edu
S04321,FfBJInctybaW,rahul.menon321@college.edu
S04374,IAUTULedaUoo,arjun.pillai374@college.edu
S04400,32fSHrouzhpq,neha.kumar400@college.edu
S07132,BzO5jLEtNSav,nikhil.kumar132@college.edu
S07313,Aa8cWiXko0m7,nikhil.nair313@college.edu
S07314,lwz1TJEPulvF,akhil.iyer314@college.edu
S07495,EMtzOt0qHrtr,nikhil.sharma495@college.edu
S07536,3RiXICPjwdp5,kavya.das536@college.edu
S07560,7epnQCciKO5f,nikhil.gupta560@college.edu
S07747,1vifVHLqhVwX,neha.nair747@college.edu
S07759,PgS2UR7QLJig,aditya.patel759@college.edu
S08054,fz86WT7t5eX6,divya.nair054@college.edu
S08213,6WJvOGjXKkVw,akhil.reddy213@college.edu
S08411,5CkGvzzd4sXG,anjali.sharma411@college.edu
S08958,ehHH7Rt1Roej,meera.nair958@college.edu
S00001,z7GjLolhifEZ,kiran.iyer001@student.edu
S00002,to7Wvl7gnMxw,arjun.nair002@student.edu
S00003,LAuKkT8xZtvc,anjali.iyer003@student.edu
S00004,pfdR2BaM68WP,akhil.reddy004@student.edu
S06005,i62mZasfmkGx,akhil.iyer005@student.edu
S00006,teiuyKUFSBKJ,aditya.kumar006@student.edu
S00007,OTCq8tTeHXSo,pooja.das007@student.edu
S00008,S4iAWFdllAek,arjun.kumar008@student.edu
S00009,Li72Z8QIvr6l,sreya.kumar009@student.edu
S00010,rmAtV02piK8M,sneha.menon010@student.edu
S00011,HytPbQDxPUay,arjun.nair011@student.edu
S00012,UsEnpPpEv9dk,priya.reddy012@student.edu
S00013,UY1y9IIMSChN,rohit.kumar013@student.edu
S00014,T9h7OgFPgtvN,kavya.patel014@student.edu
S00015,Ov5TvjRZF4Vr,sreya.gupta015@student.edu
S00016,m7o3bbuGckm8,vishnu.gupta016@student.edu
S00017,KPg8CLg7hgzb,rohit.das017@student.edu
S00018,i3lFbXSI7T9U,vishnu.pillai018@student.edu
S00019,jTcStnj96A18,vishnu.iyer019@student.edu
S00020,5VMYmJaDQOQa,meera.das020@student.edu
S00021,lJD7pdfCywo5,priya.nair021@student.edu
S00022,a31KUgoCfEb0,arjun.iyer022@student.edu
S00023,0UhiGphCau0s,vishnu.pillai023@student.edu
S00024,o1Ue2jsdzHov,vishnu.iyer024@student.edu
S00025,RRLxZRgkfFr5,rohit.patel025@student.edu
S00026,dB5MwsqYk1CF,arjun.reddy026@student.edu
S00027,1wkSZb4ntZ6p,sreya.reddy027@student.edu
S00028,XhOCguFnDzIa,sneha.das028@student.edu
S00029,jaY7ws2vYqda,kavya.iyer029@student.edu
S00030,vr0QcWvXtDC2,rahul.menon030@student.edu
S00031,9VzPWA4DTlgV,meera.pillai031@student.edu
S00032,NrfHH98nftHz,neha.pillai032@student.edu
S00033,T9GBRltiUAc3,aditya.pillai033@student.edu
S00034,3MwvDdLraDeg,aishwarya.kumar034@student.edu
S00035,jKFJJHJzpctY,divya.das035@student.edu
S00036,3Dk6XN2P9Dk3,nikhil.menon036@student.edu
S00037,qqfUkuoqtwss,anand.sharma037@student.edu
S00038,EATNaAuMNyGz,nikhil.menon038@student.edu
S00039,M39UcFbDfSO9,anand.reddy039@student.edu
S00040,0P4MMBHWP0HX,nikhil.nair040@student.edu
S00041,PzoGYEhOwrSI,kavya.pillai041@student.edu
S00042,OrTcErfFaJaO,neha.menon042@student.edu
S00043,zl9xcGadlu6R,vishnu.reddy043@student.edu
S00044,JFyT4aOvrila,rohit.sharma044@student.edu
S00045,EY5tRGkGNJSC,meera.patel045@student.edu
S00046,fBXL3tsDCtBG,sreya.iyer046@student.edu
S00047,i8b3gjxYcQIp,aditya.iyer047@student.edu
S00048,OOKXOw1CuEWc,aishwarya.iyer048@student.edu
S00049,iJdeIjv0uy12,rohit.pillai049@student.edu
S00050,Dc4ZXEYA7eOU,aishwarya.patel050@student.edu
S00051,SZZD3P7R2CeQ,kavya.pillai051@student.edu
S00052,suKioNE3pO3x,akhil.menon052@student.edu
S00053,ZFuuKLtlKTUe,sneha.patel053@student.edu
S00054,fvltK8aPDaeF,anand.gupta054@student.edu
S00055,qZQI5O0TWQ0y,meera.reddy055@student.edu
S00056,YUJI2Q8mdwCJ,akhil.pillai056@student.edu
S00057,C6tSYkOxtZe4,priya.menon057@student.edu
S00058,dXAiL5g7dexF,meera.reddy058@student.edu
S00059,bZPE6rKo3bkD,sreya.kumar059@student.edu
S00060,x8PbrwSmcAGW,aishwarya.pillai060@student.edu
S00061,twVjiCAyPpXz,aishwarya.nair061@student.edu
S00062,qD16FGio4RKs,pooja.menon062@student.edu
S00063,mB2eKolTThCB,rohit.reddy063@student.edu
S00064,7QeADogZmSt1,divya.das064@student.edu
S00065,RO98u95hMxFP,kavya.das065@student.edu
S00066,sRVhhgXAcjfb,kiran.sharma066@student.edu
S00067,vUr4C2vPOSZ9,akhil.sharma067@student.edu
S00068,YDeDImybmOn2,kiran.gupta068@student.edu
S00069,wONTFBNfQZrT,sanjay.iyer069@student.edu
S08070,zW1ZNEhlhjth,vishnu.pillai070@student.edu
S00071,dbKnE1Sf9Jjn,sreya.gupta071@student.edu
S00072,EwDM3TwkNWjD,akhil.kumar072@student.edu
S00073,fYj0I6XYHsEa,aditya.iyer073@student.edu
S00074,EjFIaMfbpMiW,priya.reddy074@student.edu
S00075,eovvwM7D4NgL,rahul.pillai075@student.edu
S00076,7nnYYtCaPgbz,priya.reddy076@student.edu
S00077,MOkgMADMmMFU,nikhil.reddy077@student.edu
S00078,wZJRjtuMPCOd,kavya.reddy078@student.edu
S00079,ksqmfW8JTPRy,kavya.das079@student.edu
S00080,a5f8FodHp0ZN,aditya.menon080@student.edu
S00081,bTheKNH9VDp1,kiran.nair081@student.edu
S00082,nD636GDav6MT,priya.reddy082@student.edu
S00083,4h7jCfbujRy8,kiran.iyer083@student.edu
S00084,kn1BNq7PBrg8,priya.gupta084@student.edu
S00085,Ub3n6O12V2jF,anjali.kumar085@student.edu
S00086,oeHZQiBqGmz3,divya.das086@student.edu
S00087,7hYIsZ2jHvkd,priya.sharma087@student.edu
S00088,eReBB1DuYHaz,meera.pillai088@student.edu
S00089,Aij8pbJSV5VY,meera.iyer089@student.edu
S00090,Eax0ZlBOlaF8,aishwarya.nair090@student.edu
S00091,MivnfaCbM7HZ,neha.iyer091@student.edu
S00092,kwZwVVsxhmvK,aditya.pillai092@student.edu
S00093,p59NZVhf83dy,sneha.iyer093@student.edu
S00094,I6806MP1fVYy,sanjay.menon094@student.edu
S00095,8pdry1maeA8V,nikhil.menon095@student.edu
S00096,r7xAEi1Tixeq,kavya.sharma096@student.edu
S00097,gxzxj9vNLeer,meera.reddy097@student.edu
S00098,AGLdUXi35jFt,akhil.sharma098@student.edu
S00099,GO2KaWCjBFue,nikhil.das099@student.edu
S00100,JdHcE9eINclz,priya.patel100@student.edu
S00101,rI8AmLVdBz3Q,neha.das101@student.edu
S00102,BEklqmjbdpbd,meera.gupta102@student.edu
S00103,oajRkpwPnq16,kavya.nair103@student.edu
S00104,9p91hzJsOhiE,rohit.iyer104@student.edu
S00105,SJAWDDvjAPsp,sreya.nair105@student.edu
S00106,y8rTMlNFKDoz,vishnu.gupta106@student.edu
S00107,MAGMCOWPZ4nR,priya.das107@student.edu
S00108,K82DVRxWhrs4,kavya.reddy108@student.edu
S00109,CyiNYfZjMlsQ,nikhil.kumar109@student.edu
S00110,T2dA0wyXpxrL,anjali.patel110@student.edu
S00111,MAyDxiRTBzSj,nikhil.kumar111@student.edu
S07112,aPP0BDPWJLu4,priya.iyer112@student.edu
S00113,LwdQcuPT4VPd,divya.patel113@student.edu
S00114,S12LpdD8Dkd2,meera.reddy114@student.edu
S00115,Nta9CTkwY0I5,arjun.das115@student.edu
S00116,dF9lCFvKuxrp,kavya.nair116@student.edu
S00117,hQHVmURDmnHD,aishwarya.nair117@student.edu
S00118,oXYnV4LovuCP,neha.pillai118@student.edu
S00119,25OofyJWD2Gc,aditya.iyer119@student.edu
S00120,8h1vnftvlhP2,priya.gupta120@student.edu
S00121,eVpDrMnkYDrD,sneha.nair121@student.edu
S00122,4mBE1ViUb7co,meera.pillai122@student.edu
S00123,CVtoBETCBmTG,sneha.kumar123@student.edu
S00124,gDDYQEIXUSTe,vishnu.reddy124@student.edu
S01125,xSyPbZfZdxHM,vishnu.menon125@student.edu
S00126,Vwxrg8AftfP1,anand.nair126@student.edu
S00127,W0p9J0j9wx2Y,aishwarya.nair127@student.edu
S00128,RwPOzG1i1Fuz,priya.das128@student.edu
S00129,gXBihipqGTOJ,aishwarya.menon129@student.edu
S00130,wso1tKbDBv4Y,vishnu.sharma130@student.edu
S00131,oLsf9iLfwSmm,kavya.kumar131@student.edu
S00132,89ay3Qi26JPc,vishnu.menon132@student.edu
S00133,dBYbH7Uw2xmV,sneha.das133@student.edu
S00134,lSACgCDNlITe,neha.gupta134@student.edu
S00135,tdEdzXA4ldzd,sanjay.iyer135@student.edu
S00136,u0hBQOSak0xH,sneha.iyer136@student.edu
S00137,sqWuoAo99V3V,anand.nair137@student.edu
S00138,p89Zm6fan2D1,aishwarya.iyer138@student.edu
S00139,haVtGZvAD7F5,arjun.iyer139@student.edu
S00140,M6w27CQDuuyh,nikhil.das140@student.edu
S00141,Ilir0BrQsr8q,aditya.pillai141@student.edu
S00142,AZmVwlvpSikE,aditya.menon142@student.edu
S00143,Ns59d2c2btQ0,sreya.menon143@student.edu
S00144,Da5aIugKU9VZ,akhil.kumar144@student.edu
S06145,WhxUgIy6x4lq,anand.patel145@student.edu
S00146,HHZbrXDzkwRq,aditya.kumar146@student.edu
S00147,DswmFSrQyRCK,arjun.reddy147@student.edu
S00148,Kv9OmNb4AJcI,akhil.reddy148@student.edu
S00149,5xkEZ7QxtuMS,vishnu.pillai149@student.edu
S00150,1YLTQISaWh78,pooja.sharma150@student.edu
S00151,BWYCFMz9lppb,kavya.kumar151@student.edu
S00152,NBo6oVT2GIWE,priya.pillai152@student.edu
S00153,GpRmj972R9zq,akhil.iyer153@student.edu
S00154,c997J5qqIjvD,aishwarya.pillai154@student.edu
S00155,tB9Xdyx5Z6ix,sreya.iyer155@student.edu
S00156,ylkT6sgaXUbo,priya.pillai156@student.edu
S00157,qpfmbRFgnx2n,vishnu.pillai157@student.edu
S00158,MI5pEoX9Vfkc,sanjay.reddy158@student.edu
S00159,wel9sjFG2L5x,aishwarya.nair159@student.edu
S00160,Ky3TfhxnX9cF,sreya.das160@student.edu
S00161,rwL9Ib5KY7g5,meera.nair161@student.edu
S00162,aCahu39dsiH0,aditya.patel162@student.edu
S00163,dvNX1hrHZ0DT,pooja.gupta163@student.edu
S00164,24zDV5x8qPP6,aditya.gupta164@student.edu
S00165,aiVlxQsgyp9E,aditya.menon165@student.edu
S00166,6ppR1seo0yrc,rahul.reddy166@student.edu
S00167,j7EBKOGyIxhE,arjun.iyer167@student.edu
S00168,pgHiolnPBKDg,rohit.menon168@student.edu
S00169,OjjlnQklJRIs,nikhil.menon169@student.edu
S00170,kKxVWPJB6rHg,aditya.menon170@student.edu
S00171,L4kRQSF0BwSX,nikhil.das171@student.edu
S00172,21gsl6bMLuyj,neha.kumar172@student.edu
S00173,VwFt1IiG7YCv,pooja.das173@student.edu
S00174,NgVY6WjetGgb,aditya.nair174@student.edu
S00175,GyWrvYFOxb3X,nikhil.reddy175@student.edu
S00176,KLU7pJJB21x4,aishwarya.menon176@student.edu
S00177,2hlFcVVvHSzI,sanjay.gupta177@student.edu
S00178,WN8mSGzHRZhA,neha.nair178@student.edu
S00179,DGBJ8mkZNo6b,aditya.sharma179@student.edu
S00180,rHMDVh4JAg3H,neha.nair180@student.edu
S00181,X5XIpzfraE4q,akhil.das181@student.edu
S00182,nQutVpLNKlJy,akhil.das182@student.edu
S00183,vW0zsQkZI1MD,rohit.menon183@student.edu
S00184,O1drPkKTFrIV,divya.das184@student.edu
S00185,XptHWUQu3hWe,neha.patel185@student.edu
S00186,yIxznpWCbQmO,priya.pillai186@student.edu
S00187,2VIgh1RpxIew,neha.reddy187@student.edu
S00188,9hQZ2HOvW4rR,kavya.reddy188@student.edu
S00189,RuJaFYP1hUOv,anjali.sharma189@student.edu
S00190,x3jvHNc9puKR,aishwarya.gupta190@student.edu
S00191,EbRexv1ujpjQ,neha.pillai191@student.edu
S00192,BtfioNpYUaSz,rohit.patel192@student.edu
S00193,oniuVIS4TbTy,akhil.gupta193@student.edu
S00194,0GKzxU9t30Es,sanjay.das194@student.edu
S00195,jUzkBR8K5xNi,vishnu.reddy195@student.edu
S00196,hrRjPPR2aVHj,sneha.reddy196@student.edu
S00197,HFhJPvbGLjso,rohit.kumar197@student.edu
S00198,zBjUEudBHxzz,kiran.reddy198@student.edu
S00199,BS1I6J7832Vx,vishnu.kumar199@student.edu
S00200,IU8AbMmXaCEp,akhil.pillai200@student.edu
S00201,DftC6pwcGZag,sanjay.sharma201@student.edu
S00202,0Lk0oJxqP3bx,sreya.das202@student.edu
S00203,KR1DAyYyO3kC,sreya.gupta203@student.edu
S00204,SYCeSBhRJ3p3,kavya.gupta204@student.edu
S00205,Rdq1PRVP2eNB,aishwarya.das205@student.edu
S00206,flW3Kjelk5t1,meera.sharma206@student.edu
S00207,JTtFDRmgSs2c,meera.das207@student.edu
S00208,0IZam6HAtD5Y,aishwarya.das208@student.edu
S00209,xooydtXCHCRV,aditya.kumar209@student.edu
S00210,Z6PVR9y9yYGK,aditya.iyer210@student.edu
S08211,QVW0YHTMHNhY,vishnu.nair211@student.edu
S00212,8KR20VMJDKhX,anjali.reddy212@student.edu
S00213,6Z1blYWM83ax,anand.menon213@student.edu
S00214,dhxL33e7UPCi,divya.reddy214@student.edu
S00215,U3WlboehtI55,nikhil.iyer215@student.edu
S00216,zTHbPxnFJp8E,pooja.das216@student.edu
S00217,jLM28qJ83uaA,meera.pillai217@student.edu
S00218,1ftXXkSk9Cur,aditya.patel218@student.edu
S00219,3stDkWe2utsU,pooja.pillai219@student.edu
S06220,tesMmr8AuukS,anjali.patel220@student.edu
S08221,Z7liL18Zcxau,aditya.iyer221@student.edu
S00222,8yJKvLEccwsx,akhil.menon222@student.edu
S00223,8aFbncdS1z1A,nikhil.nair223@student.edu
S00224,g6UflRhgJ6jE,pooja.menon224@student.edu
S00225,9fzhndwYJ0Qo,pooja.pillai225@student.edu
S00226,sbKfkEntf1SJ,rohit.gupta226@student.edu
S00227,CPYa75TwCXDB,pooja.patel227@student.edu
S00228,nV6M1TkQbDau,sanjay.gupta228@student.edu
S00229,6sa9k9IjfhGA,pooja.nair229@student.edu
S00230,qRZVFCIXa8W5,aditya.gupta230@student.edu
S00231,Y3bXXLY9fKvM,sneha.menon231@student.edu
S00232,9NadtFj6omsW,aditya.menon232@student.edu
S00233,StvtIC7dxaTm,priya.nair233@student.edu
S00234,vP6IWPR8DGnw,kiran.nair234@student.edu
S00235,0gXTKQjzl9qM,aditya.kumar235@student.edu
S00236,VjwYFlMkVpeS,akhil.patel236@student.edu
S00237,350XfePTjRkU,anand.reddy237@student.edu
S00238,2XBtneBYHso6,aishwarya.sharma238@student.edu
S00239,TcMxgixp58Vh,kavya.reddy239@student.edu
S00240,NGLz4NgyY3Sc,pooja.gupta240@student.edu
S00241,aexJa30BQGK7,rohit.iyer241@student.edu
S00242,rzYlqZ3F0oT4,arjun.das242@student.edu
S00243,WNScz3qIKBUX,kiran.kumar243@student.edu
S00244,CxcMOOijPQzP,aditya.gupta244@student.edu
S00245,a3gbgcQHxty3,kiran.sharma245@student.edu
S00246,gmPoANKyMRTk,kiran.pillai246@student.edu
S00247,KXk7p5AAaRPq,divya.kumar247@student.edu
S00248,9TyLLEzlrg7H,arjun.pillai248@student.edu
S00249,opnMNJUwKH35,pooja.gupta249@student.edu
S00250,pbLOc6X52XM9,pooja.iyer250@student.edu
S00251,w8fqvuKt1Y03,pooja.pillai251@student.edu
S00252,mrt0nEHc3zIu,kavya.iyer252@student.edu
S00253,Z0Fm3slrlNdJ,kavya.gupta253@student.edu
S00254,z1ax3dAa8Tsa,kavya.gupta254@student.edu
S00255,umYbN9U5fl5H,kavya.das255@student.edu
S00256,ERglDm4YSrPe,sanjay.menon256@student.edu
S00257,Wh7lI71FWlaa,rohit.nair257@student.edu
S00258,x4jh8EEMnHEv,pooja.nair258@student.edu
S00259,BE6eiWSsmHDr,meera.gupta259@student.edu
S00260,xGSEow3yfCef,aishwarya.reddy260@student.edu
S00261,9HHlAGt6CH2k,kavya.sharma261@student.edu
S00262,lUpIFoz0xeGO,sanjay.pillai262@student.edu
S00263,cjqtb5Puac72,sreya.patel263@student.edu
S00264,zblHJcdwjCkA,pooja.kumar264@student.edu
S00265,85RXnBHM1C53,vishnu.reddy265@student.edu
S00266,YqJPAvd8evgO,aditya.kumar266@student.edu
S00267,pQCTGwdFJA7s,nikhil.sharma267@student.edu
S00268,hoXpiSMD5XCL,pooja.iyer268@student.edu
S00269,dD5wxuTv0RRt,sreya.menon269@student.edu
S00270,mErV5tuQ2YiS,vishnu.kumar270@student.edu
S00271,bWFwEpKDuaws,aishwarya.kumar271@student.edu
S00272,7ZpU6xnxU5AM,akhil.gupta272@student.edu
S00273,WUFWvbMkfFp1,akhil.nair273@student.edu
S02274,nqyKU3iCcJMK,sneha.menon274@student.edu
S00275,5Yl9GmOFU5AO,rohit.menon275@student.edu
S00276,ZpC8PM43Gswl,neha.patel276@student.edu
S00277,Tu7NRBXG29fJ,vishnu.das277@student.edu
S00278,cJ69DfxQ5p1N,sneha.gupta278@student.edu
S00279,h6tGyl6P2mYm,neha.pillai279@student.edu
S00280,0nxBcRda73g9,anand.gupta280@student.edu
S00281,NRTHlZBbN8NS,anand.sharma281@student.edu
S00282,GJnxLvuX09Ta,priya.patel282@student.edu
S00283,mEXJsiJf1zVJ,priya.das283@student.edu
S00284,9kiXb9nAHO7r,nikhil.iyer284@student.edu
S00285,gFH3CvKiZJlP,rohit.kumar285@student.edu
S00286,T3sGngKvrJ5g,sanjay.gupta286@student.edu
S00287,WyJ9KYmz9Xef,kavya.sharma287@student.edu
S00288,UGTUVq7On6Gp,priya.das288@student.edu
S00289,zN1SB9fnRkrA,nikhil.das289@student.edu
S00290,ZfzCipA4jnTU,kiran.pillai290@student.edu
S00291,kqkJuZwhR9vi,aishwarya.das291@student.edu
S00292,s26XgXGolKGl,akhil.reddy292@student.edu
S00293,vfNkrR6MY5ar,anand.nair293@student.edu
S05294,XwvjZfZO5tuO,sanjay.das294@student.edu
S00295,unpRk5nlpnF5,vishnu.pillai295@student.edu
S00296,6ZtPu0AOK3dX,rahul.patel296@student.edu
S00297,1mbzvOysutNj,kiran.iyer297@student.edu
S00298,Y9HFxwGygZs4,neha.iyer298@student.edu
S00299,6oFTyOQPCFhI,kavya.kumar299@student.edu
S00300,M13uKd2VxMZ0,nikhil.iyer300@student.edu
S01301,zY0MefRsWtVD,arjun.nair301@student.edu
S00302,qLv03VY53gRv,meera.reddy302@student.edu
S00303,cS68j6T5oIHr,arjun.nair303@student.edu
S00304,YXPfD2DPm0Ht,kavya.gupta304@student.edu
S00305,Z4bnHP2nP0kz,aishwarya.nair305@student.edu
S00306,h8ahaQ2WqxmT,kiran.iyer306@student.edu
S00307,3eI6f9AOOiks,meera.nair307@student.edu
S00308,V3TV5VFdbQAW,rahul.patel308@student.edu
S00309,OgbdmX0dVYNn,rahul.patel309@student.edu
S00310,tVjnEFnP7yS8,kavya.pillai310@student.edu
S00311,bCKz0JVzviiu,divya.menon311@student.edu
S00312,QOIrQWnOSOxi,sneha.patel312@student.edu
S00313,90euTw5xPl9c,meera.sharma313@student.edu
S00314,hJgRsv6ozDMO,divya.das314@student.edu
S00315,FJDNdJ5IraBB,rohit.reddy315@student.edu
S00316,ARKI23v4ZSZ7,pooja.gupta316@student.edu
S00317,DOthKR4zuvfE,arjun.das317@student.edu
S00318,I8p5Q5LUoati,akhil.das318@student.edu
S00319,NmFCupHtH7W4,aditya.das319@student.edu
S00320,0K0Yy7DFgWOr,sneha.kumar320@student.edu
S01321,Y9fqPqw2RUZC,pooja.sharma321@student.edu
S00322,TUdGnpfIoUny,sneha.patel322@student.edu
S00323,02IOQLFBhZUk,sanjay.das323@student.edu
S00324,MziGrZy9dmyb,kavya.reddy324@student.edu
S00325,eTKzciP9a23H,anand.menon325@student.edu
S00326,YGNfhY9jboVW,vishnu.gupta326@student.edu
S00327,gl95DmDdmkT9,aishwarya.patel327@student.edu
S00328,ZYI1CEZigWur,divya.reddy328@student.edu
S00329,vXGYnpOgQFaL,vishnu.sharma329@student.edu
S00330,16gQ4CZ1xvCb,anand.iyer330@student.edu
S00331,ZXxRwz7ccgGe,anjali.reddy331@student.edu
S00332,jcJUUlMyt6we,meera.pillai332@student.edu
S00333,B7IYMW3zkjT7,neha.reddy333@student.edu
S00334,jdO1XQwwxzRA,priya.das334@student.edu
S00335,qJ8M89KQxntA,neha.menon335@student.edu
S00336,77QYp7apTVr2,rahul.kumar336@student.edu
S00337,Q8MEWmvNx1RG,meera.iyer337@student.edu
S00338,fgn39x15k7YD,anand.nair338@student.edu
S00339,qRvtegSVkMV7,akhil.gupta339@student.edu
S00340,2jiCbw8vYUKR,vishnu.pillai340@student.edu
S05341,gvACjVooVvym,aishwarya.sharma341@student.edu
S00342,M4QZGdvfZWgo,priya.nair342@student.edu
S00343,AvhZ2XwyRUHg,aishwarya.iyer343@student.edu
S00344,EehULXSeSAYN,sanjay.nair344@student.edu
S00345,Zl2ffAU2HeB0,kavya.reddy345@student.edu
S00346,nMBs2fHi8POE,aishwarya.nair346@student.edu
S00347,oPCtQ3Hqk1Fk,anjali.kumar347@student.edu
S00348,t0GSKlC1T58r,meera.gupta348@student.edu
S00349,WcgShmftD8GF,kiran.iyer349@student.edu
S00350,8YrfN50WRvNw,sanjay.sharma350@student.edu
S00351,6fFKT6Mqivcl,vishnu.iyer351@student.edu
S00352,loNkai6PYLvT,aishwarya.das352@student.edu
S00353,tNSBt6u9nyWv,priya.kumar353@student.edu
S00354,VjJLQkFYODQA,akhil.gupta354@student.edu
S00355,7GUalWKEULdM,divya.kumar355@student.edu
S00356,lJ2rIhsRA2g9,priya.menon356@student.edu
S03357,k87uWT3MghmI,pooja.sharma357@student.edu
S00358,Exycp0dQDZ39,divya.das358@student.edu
S00359,RLj0oddd269w,meera.nair359@student.edu
S00360,qIhGWM4CuIk4,divya.pillai360@student.edu
S00361,aGAv6zr0nXaR,meera.kumar361@student.edu
S00362,81Qwg6hKFNuS,aishwarya.menon362@student.edu
S00363,pWTiWNpsWAtt,kavya.sharma363@student.edu
S00364,aS3ZWdspCveG,akhil.gupta364@student.edu
S00365,ueD3nDZKLw7H,divya.pillai365@student.edu
S00366,x08f0h0yEJbk,sreya.pillai366@student.edu
S00367,DG981HCuVJCg,sreya.gupta367@student.edu
S00368,Bi8t6dMEkSSb,anjali.gupta368@student.edu
S00369,VaToraQJ3mhT,pooja.nair369@student.edu
S00370,YDYMxcuGrBno,vishnu.gupta370@student.edu
S00371,wXETzX78HOyv,divya.nair371@student.edu
S00372,BPRpqrQSnh29,sreya.reddy372@student.edu
S00373,acKH2RdyYaJ8,nikhil.nair373@student.edu
S00374,EMghD4ZZcBFJ,aishwarya.kumar374@student.edu
S00375,MwI1nDDXo7vl,anjali.das375@student.edu
S00376,mkdmcpuH8huv,neha.nair376@student.edu
S00377,l2VLCNPHRGYF,akhil.das377@student.edu
S00378,hZLW5LV6mTyW,sreya.gupta378@student.edu
S00379,O09yiwCa2DuL,anand.reddy379@student.edu
S00380,Nf2THV2Wyggw,neha.nair380@student.edu
S00381,rF1C9UdEH0M8,sreya.menon381@student.edu
S08382,eOHM4Qk3oAKc,vishnu.menon382@student.edu
S00383,DvKLAk14wZXz,priya.menon383@student.edu
S00384,MwVD2ji25y9N,meera.pillai384@student.edu
S00385,HT4eqVDIeAwW,kavya.iyer385@student.edu
S00386,KtMSrF86SXEJ,priya.sharma386@student.edu
S00387,sgqzMp9vZuAN,divya.das387@student.edu
S00388,15Zu6UU1KKJQ,meera.nair388@student.edu
S00389,xhfN7gOUFT52,meera.das389@student.edu
S00390,nUxglJxM59wO,priya.iyer390@student.edu
S00391,fdWU7xMKTzIg,nikhil.pillai391@student.edu
S00392,0sKyM8pn2Ygq,neha.iyer392@student.edu
S00393,KkVlBzucTJ3g,anand.reddy393@student.edu
S00394,klzu3By447Dd,priya.kumar394@student.edu
S00395,FqVGneDohXKa,priya.kumar395@student.edu
S00396,ZFLaaXhUY5Sg,anand.pillai396@student.edu
S00397,HRcRBHayCKdd,sreya.menon397@student.edu
S00398,msKBdtZgzLUh,sneha.kumar398@student.edu
S00399,iYayWEYf8Ppf,sneha.sharma399@student.edu
S00400,FIzLPAkVsxdg,akhil.gupta400@student.edu
S00401,u2QB2epzwRrr,priya.kumar401@student.edu
S00402,9CMD7QrwqdgE,akhil.nair402@student.edu
S00403,StjjsckLb2KC,anjali.sharma403@student.edu
S00404,skrae9qq7ZBO,sneha.patel404@student.edu
S00405,KX5fxu8K06BI,pooja.gupta405@student.edu
S03406,S85tfIQqL4lc,meera.iyer406@student.edu
S00407,90gtGzwP0MjW,anand.kumar407@student.edu
S00408,vcaX7mAifVRg,rahul.patel408@student.edu
S00409,SrORfA6o9DMD,aishwarya.kumar409@student.edu
S00410,hbrGPlxKDGKz,anjali.iyer410@student.edu
S00411,q1hAOwOsdXC2,rahul.kumar411@student.edu
S00412,UzlDybr2allY,rohit.iyer412@student.edu
S00413,AHybzzGHkfU9,aishwarya.das413@student.edu
S00414,6eJ91EFfnkIr,aishwarya.nair414@student.edu
S00415,rJu0pdmLU88j,anjali.menon415@student.edu
S00416,jyOVf4pVNFuH,aditya.pillai416@student.edu
S00417,bO7nhYDiE0Nt,neha.kumar417@student.edu
S00418,rQGnHVBDG9og,anand.reddy418@student.edu
S00419,rllCs5zmaMaU,meera.kumar419@student.edu
S00420,Lp9CpfAbGdVx,aditya.patel420@student.edu
S00421,z8UiQEPccn9p,kavya.reddy421@student.edu
S00422,UvnUapJsOeoW,sreya.kumar422@student.edu
S00423,1EPTFEgQWczV,anand.gupta423@student.edu
S00424,2Vu1xnVWjhlL,anjali.nair424@student.edu
S00425,d8VR9JtOJq0T,arjun.gupta425@student.edu
S00426,hhY7zQZ92seY,arjun.patel426@student.edu
S00427,r1XChqaTMfML,kiran.sharma427@student.edu
S00428,UXTIsZg30yh6,rohit.kumar428@student.edu
S00429,IG5i2XIErT0j,neha.das429@student.edu
S00430,CysyifA4JouH,vishnu.pillai430@student.edu
S00431,ON6KN5FUhbDO,sreya.sharma431@student.edu
S00432,7sSpim8Uer2y,pooja.gupta432@student.edu
S00433,XGeiH4Q4Hry6,akhil.sharma433@student.edu
S00434,y43qA3ReYUuT,anand.sharma434@student.edu
S00435,IzWbqwd32mhS,rahul.kumar435@student.edu
S00436,BgX6QAP470ol,nikhil.sharma436@student.edu
S00437,134x1IqSBeuZ,kavya.reddy437@student.edu
S00438,q2IuiR666Pks,vishnu.kumar438@student.edu
S00439,3sjTLSRom60H,sneha.patel439@student.edu
S00440,wzWx4zsPRmwY,kiran.menon440@student.edu
S00441,O0nedHGEvyej,rahul.patel441@student.edu
S00442,FhtmEAbki3U5,kiran.reddy442@student.edu
S01443,A4gOQyOSGIdO,kavya.nair443@student.edu
S00444,JNgvyLw8zYuz,sanjay.pillai444@student.edu
S00445,KdngpCydMl8X,vishnu.patel445@student.edu
S00446,apFHPyTDJH0b,anjali.reddy446@student.edu
S00447,bMIfHoBWFlPL,aishwarya.pillai447@student.edu
S00448,MGklYNkPRUQT,vishnu.das448@student.edu
S00449,2V7uSYGBQaPE,sneha.nair449@student.edu
S00450,YO5XxnXIpNwL,vishnu.menon450@student.edu
S02451,IoGlETS7YSaV,pooja.gupta451@student.edu
S00452,laNVM9VUoT2c,rohit.pillai452@student.edu
S00453,Nhw9BNpuyW6e,nikhil.patel453@student.edu
S00454,MTEhQvRhLGxy,nikhil.menon454@student.edu
S00455,NYxaaXtvBVZt,pooja.patel455@student.edu
S03456,ucCgKHDvRCHK,kavya.das456@student.edu
S00457,AJaOsVi85ULC,aditya.das457@student.edu
S00458,oa8Me8MMpDor,vishnu.reddy458@student.edu
S00459,mj2FF3Nc5dSr,sneha.das459@student.edu
S00460,qHEtgswdt8pU,vishnu.menon460@student.edu
S00461,IGVFVuBYgJJe,vishnu.patel461@student.edu
S00462,Pel41GlzQqh7,kiran.reddy462@student.edu
S00463,HqSOyzX6QJkK,aishwarya.iyer463@student.edu
S00464,7pYcQzwOKIuP,divya.kumar464@student.edu
S00465,abH4LIcB4Qgu,rahul.kumar465@student.edu
S00466,pf5MUooxjUYZ,anand.iyer466@student.edu
S00467,FZv995LnKE0l,sanjay.gupta467@student.edu
S00468,MqfprPteXFAL,meera.nair468@student.edu
S00469,Kwjo6g0qxf72,neha.iyer469@student.edu
S00470,yeAXL36WnNF1,nikhil.patel470@student.edu
S00471,27rny27R7HLE,nikhil.sharma471@student.edu
S00472,giep3jhDtXmV,neha.kumar472@student.edu
S00473,nhZ5pkYRPp4Z,sneha.kumar473@student.edu
S00474,rdrFPq6kmGUD,akhil.menon474@student.edu
S00475,QJnDpbrhx3bM,anand.gupta475@student.edu
S00476,GxV09woLRni7,sneha.pillai476@student.edu
S00477,k8NHKJJTTJ3l,anand.pillai477@student.edu
S00478,1Mz3TAQc0BWs,priya.reddy478@student.edu
S00479,ZvUv5Gc3tmqb,kavya.gupta479@student.edu
S00480,akdIHoS1fLsT,arjun.iyer480@student.edu
S00481,c2RPLZxuIzDv,meera.patel481@student.edu
S00482,Imk1bPtLGbBh,divya.patel482@student.edu
S00483,dZJlsTnmeOQG,arjun.sharma483@student.edu
S00484,QzwiMVpjrcso,nikhil.das484@student.edu
S00485,kEMgqq5BUTry,sneha.kumar485@student.edu
S00486,1rjnWuKEVbtg,priya.reddy486@student.edu
S00487,ZgLqBU1dytm0,aditya.reddy487@student.edu
S00488,hkxrISnUrgFT,anand.pillai488@student.edu
S00489,vl7KMQ1glyii,rahul.kumar489@student.edu
S00490,MPebUMv2bGDI,kiran.gupta490@student.edu
S00491,ChbfxoKJhfN2,rahul.das491@student.edu
S00492,yodEzxKmJndr,pooja.nair492@student.edu
S00493,NjeNDpJRZIRw,pooja.das493@student.edu
S00494,f80iYgQ6fs5v,aishwarya.iyer494@student.edu
S00495,UJP8cujJnFkw,rahul.menon495@student.edu
S00496,ivW3cUYadTDD,vishnu.menon496@student.edu
S00497,70IUfwpkQaLf,sanjay.gupta497@student.edu
S00498,pOzL4mwssusH,anjali.kumar498@student.edu
S00499,YgzqxArs39m3,pooja.sharma499@student.edu
S00500,1gKD20yj921T,sneha.kumar500@student.edu
S00501,i3J1IQOGLYZy,rahul.kumar501@student.edu
S00502,XkuTfDY9SkuY,neha.das502@student.edu
S00503,9CANZ2HU2qZR,sneha.menon503@student.edu
S00504,fjqlPMYGm4Aj,rohit.iyer504@student.edu
S00505,K3weXpFWUzPc,rohit.kumar505@student.edu
S00506,w80go28QmR9b,vishnu.das506@student.edu
S00507,CTdDtO5tHctx,kavya.sharma507@student.edu
S00508,ZIjL3mLpuYF7,vishnu.reddy508@student.edu
S00509,w9cL1iFsYhGt,pooja.patel509@student.edu
S00510,sDcENxMzJEeO,kiran.reddy510@student.edu
S00511,m6StcN5ycaYs,meera.sharma511@student.edu
S00512,ywkCqsPD53Dx,aishwarya.sharma512@student.edu
S00513,sPnKdKp5jNnA,sanjay.iyer513@student.edu
S00514,y8DQ3SJaDqom,sanjay.kumar514@student.edu
S06515,DMqiRf6N9yve,divya.kumar515@student.edu
S00516,0eueDqmKAigd,sanjay.pillai516@student.edu
S00517,bTopp0pNcA9X,kiran.patel517@student.edu
S00518,7PXEqDfA0r16,aishwarya.sharma518@student.edu
S00519,RdYzy86CIAV7,aishwarya.gupta519@student.edu
S00520,0COf0n0BdYl9,sneha.reddy520@student.edu
S00521,mcghyo1MKbTe,sanjay.gupta521@student.edu
S00522,bpBMGnXyUqX0,vishnu.gupta522@student.edu
S00523,gy94Hahw9I9C,kiran.reddy523@student.edu
S00524,GNtChMaaPkk5,sanjay.gupta524@student.edu
S00525,RcOiVk8tnq36,aishwarya.kumar525@student.edu
S00526,r3zoKsidiEgI,nikhil.reddy526@student.edu
S00527,a4xjwsDHTnWd,sanjay.das527@student.edu
S00528,1RQ4kl1Sp1Yu,akhil.menon528@student.edu
S00529,kDYnvZmv9j06,sreya.pillai529@student.edu
S00530,Xjv8nbmcJ9iN,sneha.sharma530@student.edu
S00531,6sEoaN4Dd46Z,nikhil.nair531@student.edu
S00532,MpTI5bap9uIT,rohit.reddy532@student.edu
S00533,mW5h43O0h5fe,pooja.gupta533@student.edu
S00534,TPJyLuc0UrmZ,akhil.gupta534@student.edu
S00535,1laYfjgLzNoW,aditya.kumar535@student.edu
S00536,a5gWw5APgZ0B,arjun.pillai536@student.edu
S00537,L3kiOycjkoet,meera.iyer537@student.edu
S00538,cozQBUMF56We,rohit.sharma538@student.edu
S00539,4a5YdKI11SSL,anjali.pillai539@student.edu
S00540,UxOlxU9LhaHx,aditya.reddy540@student.edu
S00541,Gz0ebEnqxCYa,rohit.menon541@student.edu
S00542,BET79cGnaEkP,anand.das542@student.edu
S00543,qXIQD6GXJGa4,divya.kumar543@student.edu
S00544,UPPXAiq7E96h,nikhil.gupta544@student.edu
S00545,iGx5OX0mz94F,arjun.menon545@student.edu
S00546,WyZLD1qqdH8L,anand.patel546@student.edu
S00547,M6BspTtyl92T,rohit.reddy547@student.edu
S00548,tLqdyAeG7Hqc,vishnu.sharma548@student.edu
S00549,Y2i5hV5S8NlI,aditya.patel549@student.edu
S00550,CW9r1RRKSeOm,arjun.iyer550@student.edu
S00551,3JTViPgR0u98,sanjay.nair551@student.edu
S00552,GCurCyTa6r4e,rahul.nair552@student.edu
S00553,aR0Bg1dujV40,anand.kumar553@student.edu
S00554,8J1lDZK7LduU,rohit.reddy554@student.edu
S00555,OBmZp8GHyvwg,kavya.gupta555@student.edu
S00556,qt73t8bMtOAm,priya.nair556@student.edu
S00557,Zge68JXBaknO,meera.reddy557@student.edu
S00558,qob99Codps09,sanjay.iyer558@student.edu
S00559,5dOHEgELENcU,aishwarya.sharma559@student.edu
S00560,QMWSnvDGGpir,priya.das560@student.edu
S00561,gdbXqBwtGBSB,rahul.nair561@student.edu
S00562,jxyPswBlPmCI,vishnu.pillai562@student.edu
S00563,AEjr5ktWAlGH,pooja.reddy563@student.edu
S03564,ensSf6lSoTl1,akhil.reddy564@student.edu
S00565,qejhfelmNAdI,neha.menon565@student.edu
S00566,W8aZpgnGcFEP,aditya.reddy566@student.edu
S00567,z3O6BLDu0t9d,aishwarya.pillai567@student.edu
S00568,4MsU1xgjUMSr,rahul.nair568@student.edu
S00569,9nr54TuYTjg8,vishnu.patel569@student.edu
S00570,GR5SYRVcW7B3,nikhil.nair570@student.edu
S00571,A321ydJCA4ek,divya.menon571@student.edu
S00572,0GPhoaCl8fic,kiran.patel572@student.edu
S00573,TaHia3uVRKDC,anjali.reddy573@student.edu
S00574,C1GLCHKnNuBJ,arjun.reddy574@student.edu
S00575,bgLLDaWp6CZY,aditya.menon575@student.edu
S00576,JNR7XceFjUjD,anand.patel576@student.edu
S00577,GKxyynNvzqgL,vishnu.sharma577@student.edu
S00578,O565kEO2iGNx,neha.kumar578@student.edu
S00579,uh4WBvCCfYsd,arjun.sharma579@student.edu
S00580,fPj7xnEwqrRI,nikhil.kumar580@student.edu
S00581,MWvX0vhVzL8O,priya.nair581@student.edu
S00582,Pt4WGktb2IcL,sreya.reddy582@student.edu
S00583,e6HKuY8qX6B2,pooja.nair583@student.edu
S00584,XEUHi40O8RL3,sanjay.sharma584@student.edu
S00585,vcmK29kquAjX,meera.iyer585@student.edu
S00586,G7P4el8k5MnR,kiran.gupta586@student.edu
S00587,jfHyFBcTca8i,vishnu.sharma587@student.edu
S00588,crZuzUKI328E,aishwarya.menon588@student.edu
S00589,CMGaQTp6pwWU,kavya.menon589@student.edu
S01590,DSHPbOigZHti,divya.nair590@student.edu
S00591,OLquWqofkA4g,neha.pillai591@student.edu
S00592,qf27ffZQQ7sZ,aditya.pillai592@student.edu
S00593,SzjuJfeZE2sf,divya.reddy593@student.edu
S00594,uVh18goB8HZG,nikhil.das594@student.edu
S00595,TyTi5hZwUplN,aishwarya.das595@student.edu
S00596,5ZeypZcF7D06,anjali.reddy596@student.edu
S00597,c1bGLvE82t9L,akhil.patel597@student.edu
S00598,CbLQGNN4zXFH,pooja.gupta598@student.edu
S00599,m4ePF59cCII7,anjali.patel599@student.edu
S00600,y4cu2LL5JDhV,sanjay.gupta600@student.edu
S00601,lbYAxm8pCfEd,vishnu.das601@student.edu
S00602,E6eyErdntP6f,kavya.pillai602@student.edu
S00603,QxFYDsg1HU86,anand.das603@student.edu
S00604,HZI5SofozyMw,aishwarya.menon604@student.edu
S00605,ciyWDlMdrJDq,rahul.sharma605@student.edu
S00606,hCb3pQlBqKOs,priya.pillai606@student.edu
S08607,7Q4lEz7BEHXN,sreya.nair607@student.edu
S00608,zxn5bTbR53dt,sanjay.sharma608@student.edu
S00609,OVbZyaWuhDtI,vishnu.kumar609@student.edu
S00610,ydelpKArzTWJ,kavya.nair610@student.edu
S00611,dYVtpEAr74dx,sanjay.patel611@student.edu
S00612,G6OobimOHsYO,nikhil.patel612@student.edu
S00613,Bhw865O9OgCh,meera.reddy613@student.edu
S00614,MI3tP7y5MFCm,priya.nair614@student.edu
S05615,x9MX3IWc1nfU,anand.nair615@student.edu
S00616,9BnwJUa03djJ,rahul.patel616@student.edu
S00617,7Ym7nxvHbXKW,anand.das617@student.edu
S08618,crmUcdaDdxIn,arjun.reddy618@student.edu
S00619,NdiGG72hcwIF,akhil.nair619@student.edu
S00620,JUEXQ2fH1TPD,vishnu.das620@student.edu
S00621,znRmsVxS8dni,sanjay.pillai621@student.edu
S04622,LeAGZRVMZdTj,divya.kumar622@student.edu
S00623,8YK3QEETBU16,nikhil.patel623@student.edu
S00624,AfLgHgrWn4N1,kavya.das624@student.edu
S00625,h72aZ7RzlzK2,neha.iyer625@student.edu
S00626,M2jk18mhy9oJ,rohit.pillai626@student.edu
S00627,2gtTQYsHNsIl,rohit.patel627@student.edu
S00628,knikGuvKEgaP,priya.das628@student.edu
S00629,u4ifBEExzL6f,arjun.menon629@student.edu
S00630,YF5UvMDviARL,meera.patel630@student.edu
S00631,8u0O94XkpNBK,meera.sharma631@student.edu
S00632,jODBK7kTMtid,aditya.iyer632@student.edu
S00633,lXx8eJkInqaJ,pooja.patel633@student.edu
S00634,EoRqPiABtSja,vishnu.pillai634@student.edu
S00635,WgncsMdlIaba,anand.sharma635@student.edu
S08636,0nA80nUxhIqR,anjali.gupta636@student.edu
S00637,goZkIwl2PRR3,kavya.das637@student.edu
S00638,oPSeHowlcXvW,anjali.pillai638@student.edu
S00639,dlvfxpvZQfKP,priya.sharma639@student.edu
S00640,9fZrBSdUSpqo,sreya.kumar640@student.edu
S00641,Bk9xDK3d0wrO,arjun.nair641@student.edu
S00642,MtXckdDU5PKl,aditya.iyer642@student.edu
S00643,X5gnK1688fKV,divya.nair643@student.edu
S00644,fC70oan13dw1,anjali.menon644@student.edu
S00645,UZybGrGBLHMV,arjun.reddy645@student.edu
S00646,6vVk5P9TrDcN,kavya.pillai646@student.edu
S00647,9yTdwe4BOFf8,pooja.patel647@student.edu
S00648,5XA8D4rXXgqd,rahul.menon648@student.edu
S00649,EMpKcnJAXjXm,anand.patel649@student.edu
S00650,TnIkJ03em0NS,arjun.gupta650@student.edu
S00651,UjusRUwncP49,rohit.kumar651@student.edu
S00652,KShZCZhBrQnK,sneha.menon652@student.edu
S00653,Z501tAFDugdh,anjali.das653@student.edu
S00654,qArXQ0rw01N6,vishnu.reddy654@student.edu
S00655,MtrKi9VlFB7E,kiran.nair655@student.edu
S00656,sQiV5cXznBmv,aishwarya.iyer656@student.edu
S00657,S7YJabFwTeYP,kiran.reddy657@student.edu
S00658,tS3FoiBfNVQP,nikhil.gupta658@student.edu
S00659,ren6pJize4ZT,priya.menon659@student.edu
S00660,5PWvBUXC4j6g,akhil.patel660@student.edu
S00661,9mRXRJDXTRWa,neha.patel661@student.edu
S00662,ADkhHnApYkPP,anjali.nair662@student.edu
S00663,yU9SciwPwmYi,neha.gupta663@student.edu
S00664,sfOhLY6rTKXs,meera.patel664@student.edu
S00665,q8zECFK2Oum8,arjun.menon665@student.edu
S00666,K6N85KMgsLVN,aishwarya.gupta666@student.edu
S00667,S5Hqrwte1xZJ,sreya.kumar667@student.edu
S00668,j3gpScgzUAC7,priya.reddy668@student.edu
S00669,5trh9hq28NEr,vishnu.patel669@student.edu
S00670,xJ44I1DxDdd2,anjali.gupta670@student.edu
S00671,vdWGrBtKPqn7,kiran.iyer671@student.edu
S00672,XkOMhvJk30AS,aditya.patel672@student.edu
S00673,JLm1CfMBAT4L,aditya.reddy673@student.edu
S00674,AMAZmS0mR6v0,divya.sharma674@student.edu
S00675,WnM7JG54cPfE,priya.gupta675@student.edu
S00676,G1ayT4RU1OoF,rahul.reddy676@student.edu
S00677,PZYLLaeYN2g7,kiran.menon677@student.edu
S00678,fC4WgGxyZ5ZC,anjali.nair678@student.edu
S00679,gKo8nlXnjiee,aishwarya.patel679@student.edu
S00680,aTwTXNexWzon,kiran.patel680@student.edu
S00681,WJ46dtN6ekpF,anjali.pillai681@student.edu
S00682,NJIfpuDF4AOd,vishnu.das682@student.edu
S00683,DfVIyApjPeNE,aditya.nair683@student.edu
S00684,gNMMGKOJGbfC,sneha.menon684@student.edu
S00685,ou8cjiN4V4wg,neha.reddy685@student.edu
S00686,PH6Py24UQqKf,pooja.das686@student.edu
S00687,nspoGqyXG6op,divya.menon687@student.edu
S00688,RneEs5liJEmm,pooja.reddy688@student.edu
S00689,ufM4f8yj6K0j,rohit.nair689@student.edu
S00690,hbSm5PJS9rvO,nikhil.gupta690@student.edu
S00691,szgHmvwJa2cI,akhil.das691@student.edu
S00692,ZdYCY3nIW2Xy,anjali.kumar692@student.edu
S00693,iWxBpoXaLhiz,nikhil.pillai693@student.edu
S00694,sAn87iNCr9C3,rohit.kumar694@student.edu
S00695,cmuPM2aoNTtj,rohit.reddy695@student.edu
S00696,SIZFauot5szj,arjun.nair696@student.edu
S00697,I4bQtOuUWrT5,akhil.nair697@student.edu
S00698,aCPbW0OgfSnN,sreya.sharma698@student.edu
S00699,xRH5dMp7Lw9W,aditya.das699@student.edu
S00700,9HVV1uVqQcXP,sreya.pillai700@student.edu
S00701,V3ztDov7dIEv,sanjay.gupta701@student.edu
S00702,YxxwwHnROTCa,divya.iyer702@student.edu
S00703,4cIdc3BG8Tqn,neha.iyer703@student.edu
S00704,iOmggbJviiIB,divya.nair704@student.edu
S00705,7JeBV0VBMFvN,kiran.menon705@student.edu
S00706,b3Z7Iwy8xmFU,aditya.kumar706@student.edu
S00707,XAtWu5T3d4wi,akhil.reddy707@student.edu
S00708,uewsAhVMvXJA,sreya.sharma708@student.edu
S00709,XhMLR5qsGPuf,meera.das709@student.edu
S00710,aTiM1t4S8x4W,rahul.reddy710@student.edu
S00711,c7cwSFfZuMqH,kavya.das711@student.edu
S00712,rdw6JRFWYTxW,arjun.patel712@student.edu
S00713,3ggXglqcOvSO,sreya.sharma713@student.edu
S00714,YFWdJKmXWpZG,pooja.das714@student.edu
S00715,jfZQLTiaFN8T,arjun.patel715@student.edu
S00716,27U1cFqoeMpK,rohit.das716@student.edu
S00717,kUJgZ27ABSpc,divya.pillai717@student.edu
S00718,tbGKFHqCMgZ7,nikhil.das718@student.edu
S00719,rjj8vo9BMl0G,aishwarya.das719@student.edu
S00720,7JVVQZm2PC3G,sneha.patel720@student.edu
S00721,Mj8Tw3I8prB2,rohit.gupta721@student.edu
S00722,fWPoyb7jzFuU,anand.pillai722@student.edu
S00723,lVs6s66Nzp23,anjali.kumar723@student.edu
S00724,tqOo6QuBaffg,anand.patel724@student.edu
S00725,DhlKCwRdsQp9,neha.kumar725@student.edu
S00726,OM9WNJ3sjzvv,aditya.gupta726@student.edu
S00727,MwWNuCFxVT8K,aishwarya.reddy727@student.edu
S00728,1ExJnb2ORcvc,akhil.das728@student.edu
S00729,GKTggJBN8aMV,rahul.pillai729@student.edu
S00730,HJuE9cMwA4wC,rahul.patel730@student.edu
S00731,mYfQH6stHoNv,aditya.gupta731@student.edu
S00732,jIQusJBo8iEh,sanjay.das732@student.edu
S00733,ImYOiPK44lQP,vishnu.patel733@student.edu
S00734,emm1AAtrQQVm,rohit.das734@student.edu
S00735,9ttJXuyopyWr,aditya.sharma735@student.edu
S00736,Vd2fTaMWeWZV,rohit.nair736@student.edu
S00737,ab1HWpwbbuDH,sanjay.pillai737@student.edu
S00738,NwUQkJ9UPqZq,meera.nair738@student.edu
S00739,ix49Td6g1vfK,neha.nair739@student.edu
S00740,GskbSerHpN75,kiran.reddy740@student.edu
S00741,y5BWhp28hGOu,rahul.pillai741@student.edu
S00742,Yzos1QsP4ot1,vishnu.reddy742@student.edu
S00743,M7BaTHZJsGRo,divya.sharma743@student.edu
S05744,GO0nXavBtp6d,priya.menon744@student.edu
S00745,44qM9U4iXvN3,anand.kumar745@student.edu
S00746,rTKuo6hx2Fh9,priya.das746@student.edu
S00747,VYHoUvibPVx1,akhil.pillai747@student.edu
S00748,youaQUJgdv2I,rohit.pillai748@student.edu
S00749,aydRwxBKdUrL,akhil.iyer749@student.edu
S00750,vMEthf8ewHcn,akhil.reddy750@student.edu
S03751,I9qM3cnKg2iH,pooja.gupta751@student.edu
S00752,hi8NlSysdL0z,neha.menon752@student.edu
S00753,RSJYI2NExYOM,sneha.menon753@student.edu
S00754,18O5zoKU56ye,pooja.sharma754@student.edu
S00755,RCV0gPexrbSe,nikhil.menon755@student.edu
S00756,T2ug8bzqz4qd,pooja.pillai756@student.edu
S00757,b7TPmStWJaMs,sreya.kumar757@student.edu
S00758,oT1UN6hATaxS,akhil.das758@student.edu
S00759,xpAqwz985WcR,anjali.patel759@student.edu
S00760,GmaqgoJVSawv,akhil.nair760@student.edu
S00761,vNulbXzsk2Jc,neha.reddy761@student.edu
S00762,LpeAos7OaC2U,meera.sharma762@student.edu
S00763,Qyv2aPp4aTeS,kiran.das763@student.edu
S00764,KT03fas5ON01,arjun.patel764@student.edu
S00765,ABQXKXGr9xvQ,anjali.menon765@student.edu
S00766,zgoOaPz2wzEp,neha.patel766@student.edu
S00767,VkKAjhFW2w9n,aishwarya.sharma767@student.edu
S00768,mtXXHeURsyPr,rahul.menon768@student.edu
S00769,qXHwlPF3UNNc,anjali.patel769@student.edu
S00770,FHSiriJtoxGq,pooja.iyer770@student.edu
S01771,hguCTvTn21DU,vishnu.pillai771@student.edu
S00772,D8rL8oS4O5b8,priya.nair772@student.edu
S00773,HUgOQSp5WC8U,akhil.patel773@student.edu
S00774,uc0sgn4lppWo,sneha.iyer774@student.edu
S00775,Z3WxhEqAV0hd,priya.sharma775@student.edu
S00776,zr3Rfx3JdOzP,rohit.menon776@student.edu
S00777,EYPAsnmzLiPj,aishwarya.kumar777@student.edu
S00778,o023tguwUpzO,rohit.das778@student.edu
S00779,xQE6ed0VtG0e,pooja.pillai779@student.edu
S00780,ulgonL7TZXDH,arjun.das780@student.edu
S00781,uFcnseY2sVcL,nikhil.iyer781@student.edu
S00782,TzOnyhIFBpJs,anjali.sharma782@student.edu
S00783,HrzcEn3FEx1g,arjun.gupta783@student.edu
S00784,PjkAw5gZsYXi,anjali.pillai784@student.edu
S00785,EkJhOcnouoxN,nikhil.sharma785@student.edu
S00786,e8P91PjPW7mQ,arjun.kumar786@student.edu
S00787,TyCAkDfI34l5,akhil.nair787@student.edu
S00788,7kflPSQ9SKuI,sneha.pillai788@student.edu
S00789,nG2UzOm7834U,vishnu.kumar789@student.edu
S00790,6mSdJvVUsNgK,sanjay.nair790@student.edu
S00791,qHiXZTnR6x8G,kavya.das791@student.edu
S00792,86M2v6W10Rna,kiran.nair792@student.edu
S00793,2PAB2jydNnAN,rahul.gupta793@student.edu
S00794,HcqSgScrGvaZ,sneha.reddy794@student.edu
S00795,c2KZFGqULyf3,meera.iyer795@student.edu
S00796,pzOhsSbLz5s0,sanjay.iyer796@student.edu
S00797,odCIk8e8az5b,rahul.sharma797@student.edu
S00798,U5Yh2BTCkZRo,neha.sharma798@student.edu
S00799,L45IV4IiEttx,kiran.iyer799@student.edu
S00800,CB2ehZS4JzW0,aditya.patel800@student.edu
S00801,jBj5JQyvEnpQ,rohit.kumar801@student.edu
S00802,ncLz7oEsxtug,anand.kumar802@student.edu
S00803,GW2oaSHKAT5X,anand.reddy803@student.edu
S00804,pKZXflFANdHH,kiran.nair804@student.edu
S00805,8qiG8jRGEs8E,rohit.gupta805@student.edu
S00806,5i3ZxAUxywXe,kiran.patel806@student.edu
S00807,pjcl26L5GkOr,aishwarya.reddy807@student.edu
S00808,HbsCcjP2DNyr,arjun.gupta808@student.edu
S00809,XoT7TRcyBjrG,divya.kumar809@student.edu
S00810,u6ojX0jnAJn8,meera.pillai810@student.edu
S00811,0awsy50SMLe7,aditya.nair811@student.edu
S00812,88o8ckYjg9qs,aditya.reddy812@student.edu
S00813,ckBmRaZAzuy3,kiran.pillai813@student.edu
S00814,u65n96hPYzrg,sanjay.menon814@student.edu
S00815,g4d1hRszPQKE,anjali.iyer815@student.edu
S00816,k1FhFarJR7Sc,aishwarya.sharma816@student.edu
S00817,ZRnptvD2FcAS,pooja.pillai817@student.edu
S00818,C7hhCCk9qUpY,anand.kumar818@student.edu
S00819,JOBPdYljvQF0,kiran.nair819@student.edu
S00820,SgM7uO51tCPI,sneha.das820@student.edu
S00821,gCxufW7kpZqN,priya.kumar821@student.edu
S00822,ejX3ZuIsNem5,rahul.nair822@student.edu
S00823,M9g8nZgPIQCB,priya.pillai823@student.edu
S00824,wGvur76rUkvX,priya.sharma824@student.edu
S00825,BNSp2d27gVqK,rahul.pillai825@student.edu
S00826,PEiIaOiPcNC2,sneha.pillai826@student.edu
S00827,TDtisHL7iwIC,pooja.reddy827@student.edu
S00828,eNS4EfaXmpXT,kiran.iyer828@student.edu
S00829,1fqTCQ9V82uj,divya.pillai829@student.edu
S00830,7yd05CZvuRRq,sreya.nair830@student.edu
S00831,VoexEfJPKAxt,priya.gupta831@student.edu
S00832,5rlqKmDbaoVe,anjali.pillai832@student.edu
S00833,0KqdwJs4lvTK,anjali.menon833@student.edu
S00834,WWwcyYyiWRI3,anand.iyer834@student.edu
S00835,PsePSzZbdb3U,sanjay.kumar835@student.edu
S00836,vTD4ULS9G0aw,priya.das836@student.edu
S00837,LChSa23EqfPu,rahul.iyer837@student.edu
S00838,dTILgKIMaN1e,rohit.menon838@student.edu
S09839,AYEiazhw78ZD,rohit.nair839@student.edu
S00840,4rGJ4XCAvi1N,kavya.nair840@student.edu
S00841,vOj5qxDt0O9e,arjun.kumar841@student.edu
S00842,cn2f8VdXmnoq,sanjay.das842@student.edu
S00843,2kpFyLFjkQMd,akhil.iyer843@student.edu
S00844,IZfwzoXVRIw4,priya.pillai844@student.edu
S00845,je88wQS65hy6,sneha.kumar845@student.edu
S00846,lHR5s2Q1NhtD,nikhil.nair846@student.edu
S00847,udhskcYdlN3o,anand.pillai847@student.edu
S00848,AGWrxmLhLDuj,sreya.reddy848@student.edu
S00849,JWqDoHlmIcxa,nikhil.gupta849@student.edu
S00850,3mZN0yojQGdJ,pooja.nair850@student.edu
S00851,SaeepUTYsbzP,rahul.patel851@student.edu
S00852,T6yq1aubgWHW,priya.iyer852@student.edu
S00853,Tc3ikjE3W4db,vishnu.patel853@student.edu
S00854,8sRRaxiNbmkj,aditya.gupta854@student.edu
S00855,CfIz8ICPdD45,neha.gupta855@student.edu
S00856,Q2lr4WtFYEMX,kiran.iyer856@student.edu
S00857,9fxTnjnSZVUy,kavya.das857@student.edu
S00858,W7eq34jHMbWF,akhil.menon858@student.edu
S00859,JgjhLh7HfTc2,divya.das859@student.edu
S00860,Sk3mzm2vnUco,aishwarya.nair860@student.edu
S00861,yBtdHYzFGMWl,kiran.pillai861@student.edu
S00862,k7ijgZ6BTpsw,rohit.pillai862@student.edu
S00863,4zE34NBdhUdm,sneha.reddy863@student.edu
S00864,1gDbwTh4RByy,aishwarya.pillai864@student.edu
S00865,2ivmg6xVCqg4,kiran.das865@student.edu
S00866,GY2mxwPt4s0K,sneha.pillai866@student.edu
S00867,oeVhk9Uz82vM,akhil.gupta867@student.edu
S00868,WbvmdQxn8XnR,meera.pillai868@student.edu
S00869,yQdiaIm06iRB,neha.reddy869@student.edu
S00870,QoquSVzNPaSz,aishwarya.gupta870@student.edu
S00871,VLYRysglYdrh,anand.reddy871@student.edu
S00872,UIPlmNCO7f7M,divya.das872@student.edu
S00873,YLwsbLPqLBhz,kiran.reddy873@student.edu
S00874,8FgvdjB5fwFh,kavya.iyer874@student.edu
S00875,HfsSachzcu0Y,nikhil.reddy875@student.edu
S00876,X7eqhzZcZpIv,pooja.gupta876@student.edu
S00877,dfvYlI6lITc0,neha.nair877@student.edu
S00878,XnuNxgTHHGqX,priya.sharma878@student.edu
S00879,IRKsRe9U0oEM,pooja.iyer879@student.edu
S00880,xH7pKF5Df9T4,sneha.pillai880@student.edu
S00881,hkjvFXVBBiK8,nikhil.gupta881@student.edu
S00882,kkix5D8nMtWN,aditya.nair882@student.edu
S00883,RlCiu0KmuXTP,anjali.menon883@student.edu
S00884,EnI5iq8qoDbz,rahul.das884@student.edu
S00885,91f6bR4CvBbj,kiran.menon885@student.edu
S05886,HONo5UFJA0zR,sreya.das886@student.edu
S00887,dGlzKItAE6A3,kavya.menon887@student.edu
S00888,hyQMO0JPVQgs,kiran.nair888@student.edu
S00889,kHtQ2v9aDCcf,nikhil.iyer889@student.edu
S00890,ywqKSG9lRz9G,aditya.sharma890@student.edu
S00891,VxBV32A49A8k,anjali.gupta891@student.edu
S00892,LRnK1YuC2Y1Y,arjun.kumar892@student.edu
S00893,1aNEHqk10Qnz,rahul.iyer893@student.edu
S00894,JQCRg0C81ooT,divya.kumar894@student.edu
S00895,LXhDDy4qw6ht,kiran.sharma895@student.edu
S00896,hSWGEXalbBTv,rohit.sharma896@student.edu
S00897,5hAaOxSCbXfn,sanjay.patel897@student.edu
S00898,OeY9Rq8mohhR,neha.sharma898@student.edu
S00899,f4oUangfsxOp,meera.kumar899@student.edu
S00900,jWugxGDd2lzS,arjun.gupta900@student.edu
S00901,zz5rAifBSTq0,anjali.gupta901@student.edu
S00902,lVnYdxy39Gjw,sanjay.patel902@student.edu
S00903,WvwIZIMGdZvE,pooja.patel903@student.edu
S00904,0CtEenoRz2HW,meera.das904@student.edu
S00905,AEtDcn2VmQKw,vishnu.nair905@student.edu
S00906,rcDYzDDqK4pz,anand.nair906@student.edu
S00907,wcFBO21pjmJZ,rohit.sharma907@student.edu
S00908,a4sTOazKZSnT,aishwarya.sharma908@student.edu
S00909,wB9DPbQ1KKJh,aditya.gupta909@student.edu
S00910,Pp0CBjkyCKLv,vishnu.iyer910@student.edu
S00911,hwxPeEBcTmyU,vishnu.pillai911@student.edu
S00912,5h0qNSPhWAug,rohit.menon912@student.edu
S00913,gt6pItXGOtcD,anjali.nair913@student.edu
S00914,0TlUfhuJi2ko,arjun.gupta914@student.edu
S00915,qCwd0FqewIQ2,nikhil.kumar915@student.edu
S00916,K3aH6pcnK5QE,sanjay.sharma916@student.edu
S00917,8T2N37H1QpAf,pooja.patel917@student.edu
S00918,ftf2WRzI5iBO,divya.kumar918@student.edu
S00919,qh1hR7ctmbQB,nikhil.kumar919@student.edu
S00920,BnZNiqeRZPIO,anjali.kumar920@student.edu
S00921,wwKydFrz5uxZ,divya.gupta921@student.edu
S00922,KVzIJOucj2up,rohit.gupta922@student.edu
S00923,q6Sv2SdQ0DkR,kiran.menon923@student.edu
S00924,d6PLTj7hWrCm,arjun.nair924@student.edu
S00925,DliHyRjxTyke,kiran.reddy925@student.edu
S00926,ulujP110l2MQ,vishnu.das926@student.edu
S04927,HyWFl4RxaaHk,sanjay.patel927@student.edu
S00928,4BzM2Xz9r6IX,kiran.nair928@student.edu
S00929,Wfli8TH5HXEG,aditya.sharma929@student.edu
S00930,V7l4ukjXJqtb,aishwarya.kumar930@student.edu
S00931,dg9GdPL2pW4F,kavya.nair931@student.edu
S00932,uodSmIoxBURP,aishwarya.pillai932@student.edu
S00933,hPJZOBfdX7yT,neha.nair933@student.edu
S00934,ykWMATCRM67u,anjali.sharma934@student.edu
S00935,Fc3qehGP6O23,sanjay.pillai935@student.edu
S00936,xWx2juoRo82S,sanjay.patel936@student.edu
S00937,ACUT1nBlQWPb,sneha.reddy937@student.edu
S00938,HyqL2Tt6oCKv,priya.sharma938@student.edu
S00939,StOWtdDdR8AA,kavya.sharma939@student.edu
S00940,Zewqlb3yzcoZ,sanjay.gupta940@student.edu
S00941,X0V5GA225tZ6,divya.nair941@student.edu
S00942,Utx7Th1Ulakb,rohit.pillai942@student.edu
S07943,nqddNkJUtnL5,vishnu.patel943@student.edu
S00944,lZocOjk6MNk5,sreya.das944@student.edu
S00945,NCo52MoEkCH3,divya.das945@student.edu
S00946,BXhIr55xBwFW,anjali.kumar946@student.edu
S00947,x7GvuLtPZ8j2,nikhil.iyer947@student.edu
S00948,3LKqHBtq3Ufs,rahul.gupta948@student.edu
S00949,YuXIc6faFR7Q,sreya.kumar949@student.edu
S00950,jfdcr8GPvvwW,divya.iyer950@student.edu
S00951,A1xxhazKDvnu,sneha.reddy951@student.edu
S00952,7jAXawZE17DU,arjun.sharma952@student.edu
S00953,Fh8i9ypBHZE9,arjun.gupta953@student.edu
S00954,B0fTtdUsz5wQ,sreya.das954@student.edu
S00955,dsYFOmeHLFaV,rohit.das955@student.edu
S00956,aBNkXZBj4NGu,anand.menon956@student.edu
S00957,hV8pw2Tws3I4,priya.iyer957@student.edu
S00958,q0ikwov7Jht3,nikhil.reddy958@student.edu
S00959,limy9CHyd7u5,kavya.kumar959@student.edu
S00960,OGAwvvj7wcp3,sreya.menon960@student.edu
S00961,QeifRzTB9Edj,akhil.iyer961@student.edu
S00962,qFJyya45t9nL,rohit.reddy962@student.edu
S00963,5Dn3XdFYgddN,pooja.sharma963@student.edu
S00964,a13hIbpQ8gdh,neha.nair964@student.edu
S00965,OEVng9Gl3yFp,anand.reddy965@student.edu
S00966,rzlOMLP1Mh9p,rahul.menon966@student.edu
S00967,k93x0auLLHQb,kavya.iyer967@student.edu
S00968,E7eeFEAG5rML,neha.kumar968@student.edu
S00969,vQXBpLWlIREL,nikhil.nair969@student.edu
S00970,F2pCBLwyqRgd,meera.das970@student.edu
S00971,E2vnNcxgRRUh,rohit.das971@student.edu
S00972,PHDoWVJ0b6cV,rohit.gupta972@student.edu
S00973,1Uw01zIuVxoy,rohit.nair973@student.edu
S00974,pMIV4rNXk1nw,vishnu.sharma974@student.edu
S00975,vkt6Jc7f8RAh,arjun.sharma975@student.edu
S00976,ZiS5R4GOOmcG,anjali.sharma976@student.edu
S00977,4PMgvGR3bRE3,meera.reddy977@student.edu
S00978,Pbu10oa2jPBl,neha.sharma978@student.edu
S00979,zdrqZauOKH47,anand.das979@student.edu
S00980,CZDE9ESrrPZR,vishnu.nair980@student.edu
S00981,fPAumjd41vYc,rahul.patel981@student.edu
S00982,sY3KqU71e9Cc,divya.pillai982@student.edu
S00983,3E7Wdm8oBd7Z,akhil.patel983@student.edu
S00984,BIcCcudP8FCc,neha.das984@student.edu
S00985,WxufY9sGKYLv,priya.das985@student.edu
S00986,yTBKgEwkasT9,nikhil.menon986@student.edu
S00987,fB2aUa7EZnj6,neha.pillai987@student.edu
S00988,eSED9Rb42ez3,meera.patel988@student.edu
S00989,vjBZfLKmDr3P,nikhil.nair989@student.edu
S09990,rzN3U3BIvXTM,vishnu.pillai990@student.edu
S00991,s6eGbVb0WEHL,anjali.iyer991@student.edu
S00992,iwBKciicAs7q,anand.kumar992@student.edu
S00993,T8nMhE841f3a,kavya.menon993@student.edu
S00994,vVdQy9iwFt8X,neha.pillai994@student.edu
S00995,BoXDIblI380R,nikhil.gupta995@student.edu
S00996,MZdDn6tGy8v9,sreya.kumar996@student.edu
S00997,l3r7mYXGhieI,kiran.pillai997@student.edu
S00998,OCNghIys7VMY,aishwarya.pillai998@student.edu
S00999,DSV4QVkmI0zU,neha.pillai999@student.edu
S01000,XVyOCJjNmEO3,aishwarya.patel000@student.edu
S01001,qVlKXmF09Qx2,sanjay.pillai001@student.edu
S01002,pkfNFgz06F7W,kavya.iyer002@student.edu
S01003,ryohXkcpJIV6,sreya.kumar003@student.edu
S01004,OgmzEQ1Hx3Mo,aditya.pillai004@student.edu
S01005,twy9qKUT3FO8,priya.patel005@student.edu
S01006,AkXdC8524HHS,vishnu.nair006@student.edu
S01007,iaNfftAGv9PY,kiran.reddy007@student.edu
S01008,HYFNCv7NBrxG,akhil.gupta008@student.edu
S01009,gIaxf1MJG1zs,sanjay.sharma009@student.edu
S01010,vQKDtgeu3w3Q,sreya.reddy010@student.edu
S01011,eLFvYk2T6qo6,pooja.pillai011@student.edu
S01012,NNMMwNGUvI2b,arjun.sharma012@student.edu
S01013,RS31rpugmkTm,aditya.patel013@student.edu
S01014,aqW6RKQJZmfD,sanjay.menon014@student.edu
S01015,WZievClTPKaY,aditya.kumar015@student.edu
S01016,GIAKwMBxUOB0,sreya.reddy016@student.edu
S08017,nuujFJP2Hc0T,pooja.gupta017@student.edu
S01018,Ohr9lF5tiHAG,sreya.gupta018@student.edu
S01019,8wN3OWwPzw6B,neha.menon019@student.edu
S01020,Cax3WNjBu8u2,priya.reddy020@student.edu
S01021,pUh4DnXyAow3,aditya.pillai021@student.edu
S01022,ypGziZM2gvSn,anand.reddy022@student.edu
S01023,MRLRXSF0CEve,akhil.patel023@student.edu
S01024,OQ6h0rGxfH6t,aishwarya.nair024@student.edu
S01025,6MuHnlub2IAu,meera.menon025@student.edu
S01026,grea4wCtPZXF,sneha.pillai026@student.edu
S07027,nKx9JFnhZPDw,vishnu.kumar027@student.edu
S01028,co7iELgkZzSs,anand.patel028@student.edu
S07029,ffsyjnDiX7un,rohit.menon029@student.edu
S01030,W9BFWbb8oaAU,anjali.sharma030@student.edu
S01031,Fv78q5N7EatJ,sanjay.das031@student.edu
S01032,QLEG7QaTSLqq,neha.kumar032@student.edu
S01033,xJ9zG6JlZh5B,anand.pillai033@student.edu
S01034,SemB5UAOGfF3,anand.kumar034@student.edu
S01035,nzb4GhAo6Vev,anjali.nair035@student.edu
S01036,FtmmwbAbpZRP,aishwarya.sharma036@student.edu
S01037,9IaocphicD8V,neha.nair037@student.edu
S01038,CvBsVAL1YJO2,akhil.das038@student.edu
S01039,P6wCC26TQY8Y,anjali.sharma039@student.edu
S01040,6pA80kUwPghx,meera.menon040@student.edu
S01041,FQ6PizGBFc8v,akhil.reddy041@student.edu
S01042,YpGJTeVGVVg3,anjali.menon042@student.edu
S01043,WI0d3TQImRxN,arjun.pillai043@student.edu
S01044,HJ8Z7pkfTy1T,sreya.pillai044@student.edu
S01045,F0tY8x2zKO6F,sneha.patel045@student.edu
S01046,b6ol7TJtNJiV,anjali.nair046@student.edu
S01047,RBXjLUy8BO8w,neha.gupta047@student.edu
S01048,WqwwubQyc4kV,akhil.kumar048@student.edu
S01049,xjEwksZ2rZED,sanjay.pillai049@student.edu
S01050,vI9IzEJ9ltn7,sanjay.iyer050@student.edu
S01051,QNXg25VPpVro,priya.menon051@student.edu
S01052,CgDvPfLCnaMs,pooja.menon052@student.edu
S01053,4m4yy7G9oB0T,aditya.gupta053@student.edu
S01054,qSgAmmgfXiuG,neha.sharma054@student.edu
S01055,SUnVjR3Uo2WO,sanjay.menon055@student.edu
S01056,1bS1CFcLt79z,priya.gupta056@student.edu
S01057,H5Urck8Euq5K,anand.kumar057@student.edu
S01058,7YcNC6kL1UEN,priya.sharma058@student.edu
S01059,oHE0FhlGbxjG,anand.gupta059@student.edu
S01060,ZUz33SWDqn8t,pooja.das060@student.edu
S01061,R5ubG8AUSATC,arjun.iyer061@student.edu
S01062,ildEFCkDahOj,akhil.patel062@student.edu
S01063,NJKGImWnkatc,priya.sharma063@student.edu
S07064,vzMB960dA74v,neha.pillai064@student.edu
S01065,bVRdshakUuoL,aditya.menon065@student.edu
S01066,tMtvdzRkaDaB,sanjay.menon066@student.edu
S01067,XiwZqwm61hav,rahul.gupta067@student.edu
S01068,ooS8cnfIP93S,meera.pillai068@student.edu
S01069,9eeqlmdjMTZ0,sreya.patel069@student.edu
S01070,J5td36gBcZs8,neha.sharma070@student.edu
S01071,3cQXKIaY63Jz,pooja.das071@student.edu
S01072,N8nAnJhagYRF,sreya.patel072@student.edu
S01073,lGXMtw5XfK2A,meera.patel073@student.edu
S01074,4xgdGzxM1Kp2,sneha.gupta074@student.edu
S04075,KnDNGceqLKEy,sanjay.gupta075@student.edu
S01076,pbp0xmg8N7QN,aditya.iyer076@student.edu
S01077,l0pzJSKoFOay,pooja.pillai077@student.edu
S01078,8K0mhQyjMvJJ,divya.sharma078@student.edu
S01079,gMzHW9u4Pz0Z,rohit.menon079@student.edu
S01080,rsSNLqECXkf1,rohit.gupta080@student.edu
S01081,V0cDCH7JQ8cL,priya.pillai081@student.edu
S01082,S8v2tb6yHrJ4,pooja.kumar082@student.edu
S01083,Ylo7ERgoLLds,kavya.nair083@student.edu
S01084,c0vEvCqgAZws,pooja.gupta084@student.edu
S01085,RM1Bb9qD8cTM,vishnu.gupta085@student.edu
S04086,3rfaRDFwGCLq,rohit.patel086@student.edu
S01087,5YnfxlHKlFnO,rahul.reddy087@student.edu
S01088,6gs1LuUM9qXb,meera.reddy088@student.edu
S01089,9s2wIn80lbeR,rahul.menon089@student.edu
S01090,1DmQBaBjwy7n,nikhil.kumar090@student.edu
S01091,hUfY9ZzdhaWT,arjun.nair091@student.edu
S01092,u0lemJuZyo9y,sanjay.pillai092@student.edu
S01093,Pgmv5ZwnUwaJ,meera.iyer093@student.edu
S01094,uuMAwKNBgGIT,rahul.iyer094@student.edu
S01095,CZDBTSVJkqvO,nikhil.das095@student.edu
S01096,aUpLCw47cWXz,pooja.pillai096@student.edu
S01097,86gsX80wPzT5,vishnu.das097@student.edu
S01098,MtJUXCCvVRCk,aditya.patel098@student.edu
S01099,d2LYdb46LYuM,meera.pillai099@student.edu
S01100,oHlxn4DdwFZN,arjun.patel100@student.edu
S01101,EhRhFUxfHW7c,priya.kumar101@student.edu
S01102,NOhSvg5Y1KYu,priya.menon102@student.edu
S01103,GnEAozfenmxU,sreya.kumar103@student.edu
S01104,YQ0ERagPODuz,kavya.das104@student.edu
S01105,yk1p3Dxj1CmC,sreya.pillai105@student.edu
S07106,Mk71rW16Nsq5,arjun.gupta106@student.edu
S01107,btM0XEVmefea,kiran.das107@student.edu
S01108,jeAJ48EvoK00,priya.sharma108@student.edu
S01109,vPK73H1J0p5e,anand.kumar109@student.edu
S01110,Le9CJgJLM6at,sneha.das110@student.edu
S01111,3X5okmaFTdBs,kavya.menon111@student.edu
S01112,Z6zn7xHqCqMr,neha.menon112@student.edu
S01113,AVrax54Dl3sp,anjali.kumar113@student.edu
S01114,ILO2y7AMr1yE,sanjay.das114@student.edu
S01115,cpWYiJh61AuJ,kiran.patel115@student.edu
S01116,R4ZLhYJQRofR,pooja.sharma116@student.edu
S01117,fEeBMLuhYdnN,divya.nair117@student.edu
S01118,ofOziAeYYJPe,pooja.pillai118@student.edu
S01119,xzJZr51QAMXX,priya.iyer119@student.edu
S01120,rVVMe9ueftTj,divya.das120@student.edu
S01121,EERnfcHiaPpF,divya.iyer121@student.edu
S01122,ERF32eHvErbb,nikhil.pillai122@student.edu
S01123,lBVwTQGhtdQV,pooja.menon123@student.edu
S01124,bWqSacAJzXoc,rohit.reddy124@student.edu
S01126,T8tu6Hb5NpHj,aditya.reddy126@student.edu
S01127,9I29zfK6KTqI,kavya.sharma127@student.edu
S01128,x3tc6C8RbjkP,aishwarya.das128@student.edu
S01129,AOHrXwYE5WA3,pooja.das129@student.edu
S01130,Uxqg7biVnIob,kiran.sharma130@student.edu
S01131,ebfEdKlib9k0,akhil.patel131@student.edu
S01132,C0fYhB3FQLvf,arjun.gupta132@student.edu
S01133,7NE2pUm2YvJb,priya.kumar133@student.edu
S01134,r9HngVFaYKuP,priya.menon134@student.edu
S05135,BIMkUVsCKM9U,divya.patel135@student.edu
S09136,Shhe99ny04RL,sreya.kumar136@student.edu
S01137,XPhFkka6RYZG,anjali.sharma137@student.edu
S01138,732E99HPR73r,arjun.iyer138@student.edu
S01139,EZsPAfAn5gEH,sneha.iyer139@student.edu
S01140,Iz6eGyYIeDxq,nikhil.reddy140@student.edu
S01141,63nb55yiVgCY,kiran.pillai141@student.edu
S01142,GPbdMG3zOvsh,rohit.nair142@student.edu
S01143,PXRdQvXywmf4,rohit.das143@student.edu
S01144,Zxvq4UUtXNvM,arjun.menon144@student.edu
S01145,wuo8EaLxoHs0,sanjay.sharma145@student.edu
S01146,kpSKrAeZpejl,arjun.sharma146@student.edu
S01147,p0TtCrTJqS2C,divya.pillai147@student.edu
S01148,waNrBAzjU3uY,vishnu.menon148@student.edu
S01149,REw83ZsK2ClF,sanjay.das149@student.edu
S01150,25bWgbWVg6Y3,kavya.sharma150@student.edu
S01151,DB6Oj5Oa4s0F,akhil.gupta151@student.edu
S01152,lFgPBM9aSaZ2,anjali.iyer152@student.edu
S01153,5i9isu7CBkMR,kavya.iyer153@student.edu
S01154,65RJRn7YaeaB,nikhil.pillai154@student.edu
S01155,kF1Bg1Uy8X8W,anjali.patel155@student.edu
S01156,8iINGpaKFMyS,rahul.gupta156@student.edu
S01157,ouBwttNIhn12,arjun.patel157@student.edu
S01158,oXThdkexBeYj,kiran.menon158@student.edu
S01159,4HIVB8mfdkLW,divya.sharma159@student.edu
S01160,cHSnB2GN3VKH,sanjay.pillai160@student.edu
S01161,tdCYSHhxCEEM,sreya.iyer161@student.edu
S01162,V9vcBYsQdDvA,nikhil.nair162@student.edu
S01163,Fh2ZEUm3XKrs,neha.das163@student.edu
S01164,0Y5Pf5qqtgy6,akhil.das164@student.edu
S01165,OX7qjgWuFD5J,meera.nair165@student.edu
S01166,b6Nd6KRFDzGO,akhil.menon166@student.edu
S01167,tAhQlyjsTOnq,akhil.kumar167@student.edu
S01168,KGJRQQ7y2mCQ,vishnu.gupta168@student.edu
S01169,PRAhbkj6HWjR,anand.das169@student.edu
S01170,WeQhlozUsFLk,sreya.kumar170@student.edu
S01171,Mohoe09c1K0C,arjun.kumar171@student.edu
S03172,0urwu8RB5QUe,sreya.sharma172@student.edu
S01173,a6ynVQGxOHJg,aishwarya.sharma173@student.edu
S01174,5nKsafzjycVy,kiran.nair174@student.edu
S01175,K4cmYEkpIAF8,neha.kumar175@student.edu
S01176,rQO4YbsjHlIQ,sanjay.menon176@student.edu
S01177,y37t9MycG8BO,sanjay.reddy177@student.edu
S01178,eCnEZxY2HAjG,meera.iyer178@student.edu
S01179,fnQEuP9Vciyb,aishwarya.iyer179@student.edu
S01180,T2XuuxJIyduz,sreya.gupta180@student.edu
S01181,gqv6mOn4RqhG,pooja.menon181@student.edu
S01182,Jr4wTNjJMskq,sneha.gupta182@student.edu
S03183,HAt9iK4fOTCr,rohit.iyer183@student.edu
S01184,WlhD4JRYgzOY,divya.kumar184@student.edu
S01185,kZrvoQcCpjiH,rohit.pillai185@student.edu
S01186,lahuoLCRUvsw,aishwarya.sharma186@student.edu
S01187,VpQIhqESZ6xS,nikhil.gupta187@student.edu
S01188,Dy2KaRz06Aj9,priya.sharma188@student.edu
S01189,uApHCiS0vesr,vishnu.iyer189@student.edu
S01190,c1JIak0YfAvI,divya.menon190@student.edu
S01191,osjiJhdYztFY,sanjay.das191@student.edu
S01192,iWEvRa9bv6D2,aishwarya.patel192@student.edu
S01193,d1rj3t0EVUPD,neha.pillai193@student.edu
S01194,pFE4EuhTmp4m,priya.kumar194@student.edu
S01195,3Jy5Ce6qLxwp,anand.patel195@student.edu
S01196,RV2hNo02Kdpt,divya.iyer196@student.edu
S01197,obkcpK5BF3kv,aishwarya.iyer197@student.edu
S01198,dttX2BT0wQVT,akhil.sharma198@student.edu
S01199,bLw0dkMH4IDx,sanjay.gupta199@student.edu
S01200,1CDMBe0ccvvO,anand.iyer200@student.edu
S01201,GlM3McFFHemN,sneha.gupta201@student.edu
S01202,nKhGOPYDPMf0,kavya.gupta202@student.edu
S01203,wZnwn1JxorZg,nikhil.menon203@student.edu
S01204,FY8NqzuJoTio,divya.iyer204@student.edu
S01205,zaoP38lR9lcN,divya.nair205@student.edu
S01206,IqobiKliphjO,anand.menon206@student.edu
S01207,e6w3Fi8ZEcLn,sneha.reddy207@student.edu
S05208,TwpaAyABhgQl,neha.menon208@student.edu
S01209,pYNbu5Qt2tFF,vishnu.patel209@student.edu
S01210,XIRvhpxTbjmH,aishwarya.das210@student.edu
S01211,aJthtuCz2B1E,aditya.reddy211@student.edu
S01212,9iay9rhep8Yl,arjun.reddy212@student.edu
S01213,TWb6OjYFIeNK,vishnu.iyer213@student.edu
S01214,scuDn0Nux6vU,kiran.nair214@student.edu
S01215,UC0oXJuQgvj0,kiran.gupta215@student.edu
S01216,i1dF9qLJHcEi,arjun.menon216@student.edu
S01217,RlftKX8D1P8v,kavya.sharma217@student.edu
S01218,4qD2m3GIPwwA,meera.nair218@student.edu
S01219,6LNzigARxZAN,neha.nair219@student.edu
S01220,FzqBEmQnWwfw,sneha.reddy220@student.edu
S01221,ow8PfVWCWLCb,vishnu.menon221@student.edu
S01222,7Cqjfc3hv1xm,divya.iyer222@student.edu
S01223,6SEuR4gl9b7e,nikhil.kumar223@student.edu
S01224,lHz4UyzoBYHH,sanjay.sharma224@student.edu
S01225,xP41LtgUYPXM,anand.kumar225@student.edu
S01226,VWx3AEIDMb8g,rohit.patel226@student.edu
S01227,l6IVOGs8AWGE,vishnu.das227@student.edu
S01228,gM3KHpIuCdfc,aishwarya.menon228@student.edu
S01229,uOLRSJlUdH42,anjali.menon229@student.edu
S01230,2SrSqTYFRmns,aishwarya.pillai230@student.edu
S01231,Q122EU87KG1q,priya.iyer231@student.edu
S01232,v2ztXzLzYHsi,divya.pillai232@student.edu
S01233,GTNoeK1EiZEb,kavya.reddy233@student.edu
S01234,HFuXmBTyGwWO,rahul.kumar234@student.edu
S01235,CKVFwfGUHkeX,kavya.gupta235@student.edu
S01236,SaW4a6fHioTS,rahul.menon236@student.edu
S01237,EHoJCNXmDzws,aditya.reddy237@student.edu
S01238,u2FnqjZZD1Iv,rohit.pillai238@student.edu
S03239,bapXl2WHPnAF,akhil.gupta239@student.edu
S01240,hhbP2LJyR7fB,anand.reddy240@student.edu
S01241,SgZaqaM8aLxA,akhil.iyer241@student.edu
S01242,nO491PB0rJNX,aditya.menon242@student.edu
S01243,kzmaFD2Wflcq,divya.iyer243@student.edu
S01244,N0piq11q8drz,anjali.gupta244@student.edu
S01245,ixHCkyP5OiLO,pooja.nair245@student.edu
S01246,RvJpXv8dh3gp,kavya.sharma246@student.edu
S01247,1mMzL8Q6EXqy,kavya.kumar247@student.edu
S01248,atju4sRlHOF0,sneha.das248@student.edu
S01249,S3R28i0XkX1P,rohit.kumar249@student.edu
S07250,8jycF1ednT3C,aishwarya.pillai250@student.edu
S01251,5DEkdUNNij3q,meera.sharma251@student.edu
S01252,a6bUEXMRF4tv,aditya.nair252@student.edu
S01253,FRmdXETJyFtn,anand.reddy253@student.edu
S01254,Rd66tfkkhVRy,anand.menon254@student.edu
S01255,91Q4aJgUIcTt,nikhil.sharma255@student.edu
S01256,exeiBKi6ann7,rahul.menon256@student.edu
S01257,qBFldhAka315,kavya.menon257@student.edu
S01258,1ERiSUAc2BdF,sneha.pillai258@student.edu
S01259,x8Pm7imYjGeQ,arjun.reddy259@student.edu
S08260,ARnOY8jETz02,priya.gupta260@student.edu
S01261,qu7Mt7jxoKYN,rahul.reddy261@student.edu
S01262,ET9rh9KwckPY,rahul.sharma262@student.edu
S01263,OKt4QSTY4jMb,priya.das263@student.edu
S01264,RrxtS0aVhlDW,aditya.gupta264@student.edu
S01265,csMrVUC9nqdS,sanjay.gupta265@student.edu
S01266,7NOgwH47XmOV,neha.sharma266@student.edu
S01267,mOSnFVNnAeLP,nikhil.reddy267@student.edu
S01268,a5pauFZ8Ygv7,priya.menon268@student.edu
S04269,cuVMqj06Y1fN,pooja.pillai269@student.edu
S01270,HMe5SS1Yxhxg,nikhil.das270@student.edu
S01271,EPLnAmHgeirU,pooja.das271@student.edu
S01272,0iJ3lLLjXXtr,anjali.nair272@student.edu
S01273,Iizfes7nbhV8,pooja.das273@student.edu
S01274,D5Kr3x5D5zZH,anand.das274@student.edu
S01275,3IA00bVC9dre,neha.kumar275@student.edu
S01276,dhcoq9av54xT,divya.patel276@student.edu
S01277,kQ9hhVkVbpwD,divya.iyer277@student.edu
S01278,9y6KvcWsdZRX,arjun.sharma278@student.edu
S01279,c95Tb2IGDiup,neha.das279@student.edu
S01280,lHZ0NkRCwR9T,anjali.sharma280@student.edu
S07281,jAC2PGbggcR4,kiran.reddy281@student.edu
S01282,bpRFMca4Yxeh,pooja.menon282@student.edu
S01283,iA0ae7q7wjZo,kavya.gupta283@student.edu
S01284,jq6mI3uwl06p,priya.sharma284@student.edu
S01285,5oUe5WQkMryi,kiran.reddy285@student.edu
S01286,waEAOFZGGJEC,akhil.iyer286@student.edu
S01287,coJeWAS29yss,sreya.iyer287@student.edu
S01288,kKYvOkm7YIRy,anjali.gupta288@student.edu
S01289,YwVfiPclI4ME,nikhil.nair289@student.edu
S01290,6Lk8IeYApz23,priya.gupta290@student.edu
S01291,9W1cW1scfkdO,vishnu.reddy291@student.edu
S01292,XJiYcNV0vr2V,aditya.das292@student.edu
S01293,9nfh7T1wyd1a,akhil.kumar293@student.edu
S01294,9dakYyOXHNLs,priya.kumar294@student.edu
S01295,ohP89vQIWM9s,sneha.pillai295@student.edu
S01296,hIKcrh4FGuIj,pooja.patel296@student.edu
S01297,zi0TfjsaolEP,aishwarya.kumar297@student.edu
S01298,IgYCrENevnyT,kavya.reddy298@student.edu
S01299,EtxKueJh6svM,kavya.patel299@student.edu
S01300,fjjnv2eNZ8QT,pooja.kumar300@student.edu
S01302,90roatvSrRBd,arjun.iyer302@student.edu
S01303,RAFIQDddjG47,kiran.gupta303@student.edu
S01304,cHJfp6ifCIsD,arjun.patel304@student.edu
S01305,YrXWGyzvdUtu,sanjay.gupta305@student.edu
S01306,NbUDbUOB43e2,sneha.das306@student.edu
S01307,g2lv0HL8clLv,sneha.patel307@student.edu
S01308,PIUSAl3Qsp1R,aishwarya.iyer308@student.edu
S01309,vhLBoOOuHnEo,rohit.reddy309@student.edu
S01310,qXHjY9LVAdar,aishwarya.kumar310@student.edu
S01311,TDYW2QqR5t1c,nikhil.gupta311@student.edu
S01312,VRwB8slM9P3S,sanjay.kumar312@student.edu
S01313,lP8JIjzW8TEu,vishnu.pillai313@student.edu
S01314,YxsqSC25Zw7O,aditya.gupta314@student.edu
S01315,lnDSLymaYlA1,arjun.gupta315@student.edu
S01316,yDPdkkwgIqDo,neha.patel316@student.edu
S01317,E3hKWjPBNj0Z,pooja.iyer317@student.edu
S01318,NACxruHZabXR,rohit.gupta318@student.edu
S01319,D2gcfRKoEQfq,aishwarya.menon319@student.edu
S01320,lZvE8TkiHc0j,anjali.patel320@student.edu
S01322,b4XINJA6Fxyc,kavya.das322@student.edu
S01323,L0XjVtPiRbaD,meera.menon323@student.edu
S01324,cBKHFMi3LzG7,nikhil.iyer324@student.edu
S01325,066v65YLgQJJ,nikhil.menon325@student.edu
S01326,aczOfA8UZO8N,sanjay.das326@student.edu
S01327,RHsQzyWbCibS,arjun.iyer327@student.edu
S01328,O5jJfqSCPvtZ,vishnu.menon328@student.edu
S01329,bzTpFAmls2P9,anand.kumar329@student.edu
S01330,O3jyuNQbVKUl,akhil.reddy330@student.edu
S01331,0pJ5bjv0seqw,sreya.kumar331@student.edu
S01332,QAYLCRvmNrw8,vishnu.sharma332@student.edu
S07333,Ux333scyrwoL,anjali.gupta333@student.edu
S07334,OYZR6VCAC8Mo,kavya.kumar334@student.edu
S01335,Ky0JxuPRAg1W,anjali.sharma335@student.edu
S09336,c5zqTlqQX0vu,aishwarya.iyer336@student.edu
S01337,mxBSJVPRmVbj,anand.menon337@student.edu
S01338,qvPykU1qh0gg,sreya.pillai338@student.edu
S01339,ZgT8oCTOxusU,sneha.das339@student.edu
S01340,CYDpCaYnAJxE,sneha.gupta340@student.edu
S01341,f67Winsyg2sv,akhil.reddy341@student.edu
S01342,vA8NiMy8CYYT,kiran.menon342@student.edu
S01343,6n2o3WRxKOE7,kavya.pillai343@student.edu
S01344,CaRiFMaKHjk7,anand.patel344@student.edu
S01345,K6Kp3Z161fPg,vishnu.kumar345@student.edu
S01346,KV652pUCpwoL,anjali.patel346@student.edu
S01347,i9O69bPGHffk,sanjay.iyer347@student.edu
S01348,1BVRzA67sUU9,kavya.das348@student.edu
S01349,7KGwFL1hKND4,sneha.iyer349@student.edu
S08350,TYLCQXXHHIhO,nikhil.iyer350@student.edu
S01351,Fv9QYPhzcbNg,aditya.kumar351@student.edu
S01352,5uKZShOFhrEb,aishwarya.nair352@student.edu
S01353,XTun1NsS9YQg,anand.iyer353@student.edu
S01354,72SdiIyJNpBh,anjali.pillai354@student.edu
S01355,WgJB4JBr7KGW,aditya.patel355@student.edu
S01356,W1g7ZtjK3VZ2,akhil.pillai356@student.edu
S01357,pOVNVCfPORdc,sneha.menon357@student.edu
S01358,KeanF546fXfu,akhil.patel358@student.edu
S01359,a7It8uTgi471,meera.gupta359@student.edu
S01360,5UJOgcCN9KIr,meera.kumar360@student.edu
S01361,MLw0wiZUbxse,kavya.menon361@student.edu
S01362,fLtOSaOhFEqc,nikhil.iyer362@student.edu
S01363,sPDHNbcAEKDN,aishwarya.iyer363@student.edu
S01364,D2D7VXWS3dmJ,priya.das364@student.edu
S01365,E0rmFpnmVFl0,anjali.nair365@student.edu
S01366,ajnVRLgoI85A,priya.gupta366@student.edu
S01367,jW0CAzurlu1j,aishwarya.kumar367@student.edu
S01368,h0T2oXo0AGH9,aditya.das368@student.edu
S01369,9irmM8t8WD4I,nikhil.patel369@student.edu
S01370,1ZgRQ6rnBzZA,nikhil.sharma370@student.edu
S01371,IsfYAlpUkgHN,arjun.patel371@student.edu
S01372,i5zBJpbEkf0D,anand.nair372@student.edu
S01373,c5ZFA4m3UeMR,anjali.iyer373@student.edu
S01374,nRADMJNJqYtD,rohit.sharma374@student.edu
S01375,p6IPRIFk8IWZ,sanjay.sharma375@student.edu
S01376,A5Sm1M2G3jUt,vishnu.iyer376@student.edu
S01377,4cAhIWRbhoCt,akhil.nair377@student.edu
S01378,TBfMMsyIxQhG,priya.nair378@student.edu
S01379,H0vU8Xs6jgZC,aishwarya.pillai379@student.edu
S01380,2PcpAxbnDW8o,priya.iyer380@student.edu
S01381,kBOqRcXrYmUq,rahul.iyer381@student.edu
S01382,zIv2HL4ZqqjR,sneha.patel382@student.edu
S01383,pj5kMGvEtMza,nikhil.nair383@student.edu
S01384,KuDoaIAAfPmq,nikhil.kumar384@student.edu
S01385,7CCJ8ZTKsSfE,nikhil.kumar385@student.edu
S01386,lSbGl3aBtsMB,nikhil.gupta386@student.edu
S01387,ogLtuJjFXTKP,sanjay.das387@student.edu
S09388,IvIk6B0PQom8,divya.sharma388@student.edu
S01389,pQ3M9FEH6Jqn,nikhil.patel389@student.edu
S01390,D8OWJCaD19mU,aishwarya.das390@student.edu
S01391,JiUjUxGJojU5,aditya.das391@student.edu
S01392,9BIVKA9OhSHo,kiran.iyer392@student.edu
S01393,GjVNjYymInH6,sreya.das393@student.edu
S01394,BsZyoUJQowC5,neha.iyer394@student.edu
S01395,e4XPqu2a8uyI,divya.das395@student.edu
S01396,oci31YT2YlHb,vishnu.gupta396@student.edu
S01397,nZU3DTYRyfAU,rahul.patel397@student.edu
S01398,TMTHU1UkQ3Si,vishnu.sharma398@student.edu
S01399,hyXyMPei64i8,anand.sharma399@student.edu
S01400,JvBEBwKTOIoN,kavya.reddy400@student.edu
S01401,yaIXnOOAwyMb,aishwarya.reddy401@student.edu
S01402,E9W14PWZP0LK,anjali.kumar402@student.edu
S01403,VdBHhTBPfnAj,aditya.patel403@student.edu
S01404,Asi20eOPpDCL,vishnu.reddy404@student.edu
S01405,0hmf4DkDTjXq,rohit.das405@student.edu
S01406,wdc4D4IVIsQD,pooja.patel406@student.edu
S01407,sxlAZxLacwRt,sreya.gupta407@student.edu
S01408,Xzb6ljJB1f56,rohit.patel408@student.edu
S01409,WW6IyEJt2mb4,pooja.kumar409@student.edu
S01410,t68lVmMx2O3F,nikhil.menon410@student.edu
S01411,AecldfWkJn1E,aishwarya.reddy411@student.edu
S01412,8XrdIgxrN3M5,sanjay.das412@student.edu
S01413,Plp28R41AW6V,priya.kumar413@student.edu
S01414,iUdcGXB4QsGr,sreya.patel414@student.edu
S01415,NpSc7wry0E1D,anand.kumar415@student.edu
S01416,0GTOH0OIuq5R,aishwarya.reddy416@student.edu
S01417,ar69QGEp76kM,divya.menon417@student.edu
S01418,NAT54U64wPBJ,sreya.kumar418@student.edu
S01419,uZYclf733moA,arjun.gupta419@student.edu
S01420,eH9UA0lch9W8,anjali.das420@student.edu
S01421,UecTj2AT1IA8,divya.sharma421@student.edu
S01422,fqBWt43W6wfW,arjun.iyer422@student.edu
S01423,hgWjF6abGczn,vishnu.iyer423@student.edu
S01424,hkoRNVUqBJ50,aditya.nair424@student.edu
S01425,JBj5HROiIc3C,sanjay.pillai425@student.edu
S01426,vK7i8TtAAIHs,rohit.das426@student.edu
S01427,IGgVAdNKobV7,priya.nair427@student.edu
S01428,gHwMQkdV3C3g,rohit.sharma428@student.edu
S01429,9dc8s40HQmGa,rahul.pillai429@student.edu
S01430,lHlgjaeEyDqR,pooja.menon430@student.edu
S01431,hdCHtIIa5KiC,neha.menon431@student.edu
S01432,RkCCltvzZ5RI,rohit.gupta432@student.edu
S01433,M45nC4B1dUCh,rahul.reddy433@student.edu
S01434,eqSOVMnygVsg,sanjay.menon434@student.edu
S01435,B1pxxPNNDnsF,pooja.das435@student.edu
S01436,dl3gqEhXljqo,aishwarya.patel436@student.edu
S01437,qlhS7lzDYHtE,rohit.kumar437@student.edu
S01438,Jnr7ruhelgtf,nikhil.das438@student.edu
S01439,by1eZm1Rz5As,meera.kumar439@student.edu
S01440,xXhu8oj2e0iX,aditya.iyer440@student.edu
S01441,rwxCKY3KNWkv,sneha.sharma441@student.edu
S01442,efbD0wBFfSrB,kavya.patel442@student.edu
S01444,OIdInN9Puko9,kiran.patel444@student.edu
S01445,mcxAMylm5z6n,neha.sharma445@student.edu
S01446,FjOFgmtxxbBz,akhil.gupta446@student.edu
S01447,Uj98eJYFWtze,arjun.pillai447@student.edu
S01448,PaT6O5QuO88a,sneha.kumar448@student.edu
S01449,i31HaD54YUYr,sanjay.gupta449@student.edu
S01450,x7QCEFhiD99Z,neha.nair450@student.edu
S01451,3SHbugi1A0Rg,nikhil.nair451@student.edu
S01452,mzkHjey5C8Xz,neha.gupta452@student.edu
S01453,G9efZQUy3yEn,anand.patel453@student.edu
S01454,6ZF1EFmz5NgF,aditya.kumar454@student.edu
S01455,iN7qckhBStU2,rohit.gupta455@student.edu
S01456,ZGuVnDbl5q6Q,aditya.nair456@student.edu
S01457,x7FULDR3rxwd,rahul.reddy457@student.edu
S01458,ba4wlRQmtgje,sreya.menon458@student.edu
S07459,G3zjHyzACylR,rahul.iyer459@student.edu
S01460,oeNdgpZjW7Aq,arjun.gupta460@student.edu
S01461,Bjnn2aipux5x,kiran.reddy461@student.edu
S01462,UucbxggC4jaG,priya.nair462@student.edu
S01463,VrjbiL5FYe7m,neha.nair463@student.edu
S03464,bOyyUQYE8vCh,sneha.nair464@student.edu
S01465,42FfIvlzxxxH,priya.gupta465@student.edu
S01466,PecG3EjVYMGa,kiran.pillai466@student.edu
S01467,Mh6LTBSbs1q8,rohit.das467@student.edu
S01468,jl8mv4UuZnXa,rohit.das468@student.edu
S01469,B3tiyCejicAn,akhil.sharma469@student.edu
S05470,mmBS2QVyqtPh,kiran.nair470@student.edu
S01471,QPJ0PLi857dJ,rohit.menon471@student.edu
S01472,won83c3FmJbd,sreya.menon472@student.edu
S01473,PqbAZyjzyLWP,neha.pillai473@student.edu
S01474,Aj7qF74lcbUZ,nikhil.pillai474@student.edu
S01475,Cyjs92jdmkC3,neha.reddy475@student.edu
S01476,poBhbzvQgwcr,pooja.pillai476@student.edu
S01477,WPor8l9uXiau,vishnu.kumar477@student.edu
S01478,hg7jfIaPfFBy,rahul.das478@student.edu
S01479,hQk1fxqvzkux,priya.das479@student.edu
S01480,Sr8oWNE9KYr4,nikhil.reddy480@student.edu
S05481,4jZ6XeJKa8gI,rohit.patel481@student.edu
S01482,s637V91R4PWY,rohit.reddy482@student.edu
S01483,arnX8rhmGxAL,anand.menon483@student.edu
S01484,CouIiBQ0Qk1y,aditya.reddy484@student.edu
S01485,B9HDc6rCf18R,sanjay.reddy485@student.edu
S01486,tI7lAUI2zFWC,arjun.sharma486@student.edu
S01487,6wDFqkV8VmP5,sanjay.menon487@student.edu
S01488,zeNLJhK70O2Y,aditya.patel488@student.edu
S01489,fkRn2vhi4N7p,sneha.patel489@student.edu
S01490,wCHm5opGODMU,arjun.das490@student.edu
S01491,I5irLNo0Kpt9,rohit.nair491@student.edu
S01492,9uEPP7ZGcPXY,aishwarya.sharma492@student.edu
S01493,3BOg9Wvu5yyO,divya.das493@student.edu
S01494,dYCxb44wUExq,sanjay.sharma494@student.edu
S01495,J4GSsChSsgam,arjun.kumar495@student.edu
S01496,KhzQVLjADMdt,aishwarya.sharma496@student.edu
S01497,IOFMN3uHJMHC,sneha.patel497@student.edu
S01498,Gho8awsnb87C,sneha.pillai498@student.edu
S01499,SBs7WVSnT5Y2,arjun.sharma499@student.edu
S01500,7y3lcJwcINY4,sreya.das500@student.edu
S01501,fftLdtIyNzCn,sneha.menon501@student.edu
S01502,ZASS5reXm0tQ,rohit.sharma502@student.edu
S01503,e9Aid36jdt4T,neha.kumar503@student.edu
S01504,jEN66s2HE2pw,arjun.menon504@student.edu
S07505,Z44ODIjW8EhE,pooja.menon505@student.edu
S01506,c5AgwDIxqN0C,neha.sharma506@student.edu
S01507,8TAiz0x9fhSy,kavya.iyer507@student.edu
S01508,P6Fyq0qXQNCq,rahul.iyer508@student.edu
S01509,tp7L5Xehkb1M,rahul.das509@student.edu
S01510,fokgoYU8xMc4,anjali.sharma510@student.edu
S01511,lqHxvNBhhEO8,arjun.gupta511@student.edu
S01512,jBVlEfWhoPJS,rohit.gupta512@student.edu
S01513,GwXnaV5q2Nqj,meera.gupta513@student.edu
S01514,xaszmKGJpyVJ,kavya.iyer514@student.edu
S01515,69675rswp1rF,kavya.iyer515@student.edu
S01516,lDtS3mbQc8ys,aishwarya.iyer516@student.edu
S01517,mZLgVUt4T9Xe,anjali.das517@student.edu
S01518,30oUfzlfDICH,anand.pillai518@student.edu
S01519,rxIpASo22EL2,priya.das519@student.edu
S01520,xF2F5Sb1VTMk,vishnu.das520@student.edu
S01521,q74MGGCjT2Uk,sneha.nair521@student.edu
S01522,mWT1smYNT1xZ,neha.patel522@student.edu
S01523,fSaBjZqdmSaM,akhil.das523@student.edu
S01524,e3fTul7pkly9,neha.reddy524@student.edu
S01525,vKpageliE1vo,neha.nair525@student.edu
S01526,RBqyqR6r1fcM,anand.kumar526@student.edu
S01527,FzWyflTBm3o5,akhil.iyer527@student.edu
S01528,9YViLiRFaQJ2,pooja.patel528@student.edu
S01529,0PSRDwsl6JW7,rohit.pillai529@student.edu
S01530,U0ie8w8vO1Nl,kiran.menon530@student.edu
S04531,KqHbPgCvgu8V,meera.gupta531@student.edu
S01532,x9y7PzT1jHSX,anjali.reddy532@student.edu
S01533,hStkz54LANJr,anand.nair533@student.edu
S01534,ZjSQHER4xijl,aditya.nair534@student.edu
S01535,deCWAs8HKvL1,neha.pillai535@student.edu
S01536,246yyPGFdz9a,sneha.sharma536@student.edu
S01537,AtHuiDV5DVsH,akhil.gupta537@student.edu
S01538,WsjOJnDzihyn,meera.iyer538@student.edu
S01539,l1j7xd1Gzxr1,anand.pillai539@student.edu
S01540,gyc4csyMxLus,nikhil.patel540@student.edu
S01541,RiYbFE6DDaIE,divya.patel541@student.edu
S01542,n3RFZQyRjlEj,sanjay.sharma542@student.edu
S01543,uU4SJxL4rlyp,akhil.patel543@student.edu
S01544,9r5KaYsigqnQ,sanjay.reddy544@student.edu
S01545,Np8sSQfkGtNJ,sanjay.das545@student.edu
S01546,HpgPlTLtTByN,vishnu.sharma546@student.edu
S01547,HGRoQeRhLqeE,nikhil.nair547@student.edu
S01548,AJa4WgVRjCdf,vishnu.reddy548@student.edu
S01549,sPHlQ9tqmdHB,meera.gupta549@student.edu
S01550,9YpJx5MVHGzY,neha.sharma550@student.edu
S01551,K0ccwVGVVfhb,arjun.kumar551@student.edu
S01552,70ST8OkDXsap,anjali.das552@student.edu
S01553,8Vy9XCaP9AKD,anjali.das553@student.edu
S01554,z9OgWJhND0SP,priya.iyer554@student.edu
S01555,FR2Uq3eNiVOz,meera.iyer555@student.edu
S01556,8vOeOBJDkqGE,neha.menon556@student.edu
S01557,3ddgRnaqMl6p,aishwarya.kumar557@student.edu
S01558,eoikMS80LKuH,sanjay.pillai558@student.edu
S01559,16bhUtQNcG1H,nikhil.gupta559@student.edu
S01560,Aj7eJO80PAUK,anand.kumar560@student.edu
S01561,QGLXf15w8E9C,vishnu.iyer561@student.edu
S01562,lN8IHPJ3QF04,pooja.patel562@student.edu
S01563,foEs3VFIBKYP,anand.pillai563@student.edu
S01564,LGXgTbCq3FD9,nikhil.nair564@student.edu
S01565,nOa8yXmR3ctz,kavya.iyer565@student.edu
S01566,ClsiEp9i9LcY,arjun.pillai566@student.edu
S01567,pc91okFvAZf6,sneha.kumar567@student.edu
S01568,IcXi3Lgt7bin,priya.kumar568@student.edu
S01569,49bMyOAZgkRm,sreya.patel569@student.edu
S01570,SVpJOeV76oxB,aishwarya.patel570@student.edu
S01571,BNlLsoPAnDOg,kavya.reddy571@student.edu
S01572,UnsMEVZqkhHY,divya.sharma572@student.edu
S01573,Nh5Iie3qccxH,kavya.nair573@student.edu
S01574,tAzlyOkO8F7q,rohit.sharma574@student.edu
S01575,zcRKh8oA0yjv,priya.menon575@student.edu
S01576,xcXbeBoGN3v2,sneha.patel576@student.edu
S01577,MVG8NVbphH7b,kiran.kumar577@student.edu
S04578,9Gjl1X3NGsuw,rahul.patel578@student.edu
S01579,4EWh4yR3p5M8,anand.sharma579@student.edu
S01580,iGuTamMWgGyo,sanjay.kumar580@student.edu
S01581,qnwXNA0lV26S,anand.sharma581@student.edu
S01582,H40F2qwGFH1t,sanjay.reddy582@student.edu
S01583,xqYM89FcHQRd,arjun.kumar583@student.edu
S01584,7tYH8evwLdGF,sreya.menon584@student.edu
S01585,DlIDSjB7JMrP,arjun.gupta585@student.edu
S07586,zctb9a3BZjTy,rahul.kumar586@student.edu
S01587,VXdpqHfdKSkr,aditya.reddy587@student.edu
S01588,vyc15MfdisUN,sreya.reddy588@student.edu
S01589,BRGvoXFWWuPt,aditya.das589@student.edu
S01591,mVcAjCPHxAqH,aditya.menon591@student.edu
S01592,7PeIElfiwQDI,pooja.pillai592@student.edu
S01593,NRXp9Jd371Hi,sreya.patel593@student.edu
S01594,3WvSCjh9oEKT,sneha.kumar594@student.edu
S01595,P5XCtC9U5o7J,nikhil.menon595@student.edu
S03596,uUadvuYoiv0h,sanjay.pillai596@student.edu
S01597,5S3twO4o6pKF,kavya.kumar597@student.edu
S01598,xahksDybhmgX,neha.iyer598@student.edu
S01599,PUuzKuggHr0B,sreya.iyer599@student.edu
S01600,uw9GHA1J2Ij5,vishnu.menon600@student.edu
S01601,BQPXMTqOocyd,rohit.iyer601@student.edu
S01602,KrNIYvLPuBZm,rohit.nair602@student.edu
S01603,oYx8nAW3WuRU,pooja.menon603@student.edu
S01604,GK1Ex0QEH6s9,arjun.reddy604@student.edu
S01605,E3MNdNwNnWlR,kiran.nair605@student.edu
S01606,fSudIs0xJOoT,kavya.iyer606@student.edu
S01607,TRSOro7wxy7P,nikhil.patel607@student.edu
S01608,AY8MVw6yV8FX,sneha.sharma608@student.edu
S01609,yzFp28lSDnoG,anand.menon609@student.edu
S01610,7A8U02Kvu6Ol,divya.kumar610@student.edu
S01611,VkJzBWoNV1vR,meera.kumar611@student.edu
S01612,pchQ8X5kOift,priya.kumar612@student.edu
S01613,xKyOmMsiHzDO,priya.pillai613@student.edu
S01614,43VWCbgdOM3B,sreya.das614@student.edu
S01615,YKbcL8rDrZU1,neha.iyer615@student.edu
S01616,FESO6SafJxzU,kavya.sharma616@student.edu
S01617,a7uQ8dZNsyos,neha.menon617@student.edu
S01618,LI1LOetUGOjH,meera.patel618@student.edu
S01619,RoQjinVTFnOs,arjun.kumar619@student.edu
S01620,qWbIyJCclCra,neha.iyer620@student.edu
S01621,vyaJAOBKz8uX,akhil.gupta621@student.edu
S01622,1EcY0cdPwTG3,pooja.sharma622@student.edu
S01623,gOTdffVdV54u,rahul.kumar623@student.edu
S01624,W37kgwONpbWG,aditya.sharma624@student.edu
S01625,nIJa3ee8tYXE,kavya.nair625@student.edu
S01626,IjvgXG3YiPC2,divya.das626@student.edu
S01627,qm7PNe0l6xJJ,sneha.reddy627@student.edu
S01628,QvzK7ARLyG9G,rohit.nair628@student.edu
S01629,7BhhZ8JtKhFP,kiran.gupta629@student.edu
S01630,7w4ppL5EECd0,rahul.nair630@student.edu
S01631,QdDKlcqKLtVs,sneha.iyer631@student.edu
S01632,oCPvuzYDykZ3,sanjay.menon632@student.edu
S01633,tYYHRFpEz6hY,anjali.patel633@student.edu
S05634,SZZeUdC7LZjb,sneha.menon634@student.edu
S01635,MQXCzkDPQhEm,meera.gupta635@student.edu
S01636,KbCOZOmXAsYI,vishnu.patel636@student.edu
S01637,DTHctJT2Qlls,kavya.gupta637@student.edu
S01638,pyPsXGKWWCp6,anand.gupta638@student.edu
S01639,7hz3WPksEv1Q,priya.das639@student.edu
S01640,uvlF0Q17BzjN,rahul.kumar640@student.edu
S01641,wtKzauMQJy9F,akhil.nair641@student.edu
S01642,P6tErnTK98Hi,rohit.nair642@student.edu
S01643,Iqex7JzHeizj,sanjay.sharma643@student.edu
S06644,153XfZ5SxW9D,anjali.das644@student.edu
S01645,NeJXjLkr0qxR,kavya.nair645@student.edu
S01646,t9tH8afFJM1K,sreya.kumar646@student.edu
S01647,L4AX1QJHFwm2,kiran.nair647@student.edu
S01648,xjxM3HooMqwW,pooja.menon648@student.edu
S01649,XIqnAidmqL8S,rahul.kumar649@student.edu
S01650,fZioZ79nJydJ,rohit.nair650@student.edu
S01651,dUeydMYnt2KH,nikhil.nair651@student.edu
S01652,DbRgrBeyjQwU,sanjay.das652@student.edu
S01653,BDirekGgH1cb,sanjay.das653@student.edu
S01654,rFIsoPZPbZoy,kavya.gupta654@student.edu
S01655,OvdFucYiTc7U,akhil.menon655@student.edu
S01656,eKJdPdi2YbEy,kiran.iyer656@student.edu
S01657,7nhyUAxW9ojU,divya.sharma657@student.edu
S01658,LEe2TwnCMYgW,rohit.gupta658@student.edu
S01659,0FhP7WrHyTll,neha.gupta659@student.edu
S01660,EoDw7SxvDFBd,sreya.menon660@student.edu
S06661,SxMWLoN52AJO,sanjay.das661@student.edu
S01662,pb7keEPrzYae,sreya.reddy662@student.edu
S01663,gTJjJ7fkSomt,priya.nair663@student.edu
S01664,GhNM6ywr5osU,meera.reddy664@student.edu
S01665,Sga3rcrDPOGS,neha.gupta665@student.edu
S01666,JoYFkcN6KvQg,nikhil.kumar666@student.edu
S01667,4e5C7yyHsmWK,nikhil.das667@student.edu
S01668,6wYC5IG8FzfX,rohit.patel668@student.edu
S01669,UTdZQvYpdW8n,arjun.sharma669@student.edu
S01670,J3I3tYiShyTj,akhil.menon670@student.edu
S01671,daOU0GaWJ5sE,anand.iyer671@student.edu
S01672,fnTwrpOEsKSX,sneha.gupta672@student.edu
S01673,BbrT01FqXJhR,vishnu.menon673@student.edu
S01674,CVlq0PbKP5bu,rahul.iyer674@student.edu
S01675,8kAH1r0etS37,aditya.iyer675@student.edu
S01676,a59XJCz6WqxK,kavya.sharma676@student.edu
S01677,vYZnOGSnzLzg,vishnu.sharma677@student.edu
S01678,KvWlXwMsa10b,rohit.kumar678@student.edu
S01679,c5FViH6PvqCB,rohit.kumar679@student.edu
S01680,BMwycpJTrG4n,divya.pillai680@student.edu
S01681,0cgHZtMHXXB9,sanjay.iyer681@student.edu
S01682,CiztgUQ3JcHL,neha.iyer682@student.edu
S01683,2IjM1qLNK521,sanjay.iyer683@student.edu
S01684,EpzorIqwCsom,vishnu.gupta684@student.edu
S01685,u5jBd5TMT4zF,akhil.reddy685@student.edu
S01686,pVdC9FF8k6EP,nikhil.reddy686@student.edu
S01687,4c6wDaQ9tVwy,anand.nair687@student.edu
S01688,UtLLfKnJjUB1,kiran.gupta688@student.edu
S01689,QPgnudVlOh7o,arjun.pillai689@student.edu
S01690,l24GbCW44nre,sreya.patel690@student.edu
S03691,hVbWlUiiOScl,meera.iyer691@student.edu
S01692,srRhml5lqh0y,arjun.iyer692@student.edu
S01693,IYA5nXJITzID,sreya.nair693@student.edu
S01694,qpLELYYQW4Dt,sreya.menon694@student.edu
S01695,4dwdscZAVCj7,divya.pillai695@student.edu
S01696,m9V4xW1KkEOu,anand.menon696@student.edu
S01697,iZsobltto0Bl,aditya.sharma697@student.edu
S01698,Gnhrr09Y8YmE,akhil.das698@student.edu
S01699,ODtOxpJLfjQM,sreya.sharma699@student.edu
S01700,dzoL95s66zGD,rahul.kumar700@student.edu
S01701,9wxnveROLH4D,arjun.pillai701@student.edu
S01702,fsOlAqw0NAIz,rohit.menon702@student.edu
S01703,t3HADLwR8rpi,divya.pillai703@student.edu
S01704,VoqS2hwHrC1x,aishwarya.sharma704@student.edu
S01705,m6cp1ujRlCNq,rohit.iyer705@student.edu
S01706,7CQzZhJ1rJyQ,aishwarya.pillai706@student.edu
S01707,EV3XrkSow9MO,divya.nair707@student.edu
S01708,B8g1YAMhVc6P,vishnu.menon708@student.edu
S01709,0AYU36hp1Boa,meera.reddy709@student.edu
S01710,PAXYCBPFqSeb,divya.patel710@student.edu
S01711,fubHZX7MDktI,sneha.sharma711@student.edu
S02712,vyg7WHTw0Qzu,priya.menon712@student.edu
S01713,PAs5i9S0Psxp,pooja.menon713@student.edu
S01714,s74e7A78Yq7B,anjali.nair714@student.edu
S01715,Zd7bxSzrcBbC,neha.patel715@student.edu
S01716,48GbJl9dnvbt,kavya.das716@student.edu
S01717,ciP59UzYLFZw,anand.patel717@student.edu
S01718,HsJIKG4loC3a,kiran.patel718@student.edu
S01719,U17wQmFxT5Kw,aishwarya.sharma719@student.edu
S01720,7M7nqeTpKQWa,arjun.nair720@student.edu
S01721,1idbl4TOnD2W,nikhil.kumar721@student.edu
S01722,NmsucpQI7Lfb,akhil.patel722@student.edu
S01723,0UajTwFcnlgE,akhil.das723@student.edu
S01724,MpcevzKQx2dx,meera.kumar724@student.edu
S01725,3OOJzqRfrJ24,sneha.iyer725@student.edu
S01726,ILzKe37QRbbD,sreya.kumar726@student.edu
S01727,SgZYdo5Fu1O7,aishwarya.nair727@student.edu
S04728,aFtdha3pwiq7,pooja.kumar728@student.edu
S01729,x6X9xEL3u0RX,sanjay.menon729@student.edu
S01730,ey5XORBJrkfT,meera.gupta730@student.edu
S01731,N1gdfR9jl9GK,vishnu.pillai731@student.edu
S01732,tA1vvUdA2BJ4,pooja.menon732@student.edu
S01733,Z4URIxTBboWp,anand.reddy733@student.edu
S01734,bQTju4Hk39Xk,anand.pillai734@student.edu
S01735,SDxYQZpaCAp6,divya.das735@student.edu
S01736,9cT7AIytf2pd,priya.iyer736@student.edu
S01737,IqyK9dea1TW3,kiran.nair737@student.edu
S01738,ewX4G8cTfon3,anjali.patel738@student.edu
S01739,0QdS0tEkfbhI,nikhil.kumar739@student.edu
S01740,YcVO01WhTM2V,aishwarya.kumar740@student.edu
S01741,InD5cJ9ndWVS,pooja.pillai741@student.edu
S01742,UV7PrDLE3c76,aditya.kumar742@student.edu
S01743,lcJMfUoOBcT6,sneha.pillai743@student.edu
S01744,5fgwIIvfppcJ,kavya.iyer744@student.edu
S01745,BoIgefEh7cFw,rahul.sharma745@student.edu
S01746,XnpNza89g9mA,meera.patel746@student.edu
S01747,8okPgXLf6FKM,sreya.pillai747@student.edu
S01748,5JAWgcrajYVA,aditya.reddy748@student.edu
S04749,SMPQDFolRkY3,aishwarya.pillai749@student.edu
S01750,n8dpyCQ4FIZX,nikhil.reddy750@student.edu
S01751,WNiV4A7ilT2l,anand.gupta751@student.edu
S01752,0e9ewXJUmiFG,kavya.gupta752@student.edu
S01753,x2ECgK5LusLn,akhil.kumar753@student.edu
S01754,YBkyjs2mryzc,vishnu.reddy754@student.edu
S01755,u3qKyBCFrOnP,divya.nair755@student.edu
S01756,SQfcwume7ouP,meera.nair756@student.edu
S01757,GjF2POIncAuz,nikhil.sharma757@student.edu
S01758,Saa8e3EzH59U,divya.reddy758@student.edu
S01759,idjyt9br5CwU,anand.pillai759@student.edu
S01760,lgKcSq7Y5FBD,arjun.das760@student.edu
S02761,BC6Ai3NLh1dH,aditya.sharma761@student.edu
S01762,MNTjzgNKKqyJ,aishwarya.reddy762@student.edu
S01763,0VoluRLugEYE,arjun.sharma763@student.edu
S01764,SXPTW9IJ4UMI,sreya.sharma764@student.edu
S01765,lAncM8AryjNB,sneha.kumar765@student.edu
S01766,2OJ42fPJuGf6,vishnu.das766@student.edu
S01767,2prENPLgp13L,sreya.patel767@student.edu
S01768,Ux5aAzgdHRN7,sreya.das768@student.edu
S01769,yb8UMJuMlHq6,nikhil.nair769@student.edu
S01770,CTYka0JA3NQ8,meera.patel770@student.edu
S01772,0QA5L60j15tW,sneha.patel772@student.edu
S01773,y4coGzpdyqNw,kiran.kumar773@student.edu
S01774,mjttHbWcJHLg,rohit.reddy774@student.edu
S01775,DL3BNuloNyVn,anand.iyer775@student.edu
S01776,45a1d7zGmsqj,meera.nair776@student.edu
S01777,vwi9adJzUm0q,aditya.sharma777@student.edu
S01778,T91eUhuhLOYs,arjun.pillai778@student.edu
S01779,LbcmIwKKazOK,rahul.patel779@student.edu
S01780,N2bw4yK68avB,sneha.patel780@student.edu
S01781,BWufFvjuoS1L,neha.patel781@student.edu
S01782,9mfD0ssdT4Du,aditya.gupta782@student.edu
S01783,dER8TUMAscW6,aishwarya.das783@student.edu
S01784,ZJYAKqNh11jS,anand.menon784@student.edu
S01785,perZz4iPV6CW,priya.iyer785@student.edu
S01786,BZhQrVKIuOfY,akhil.iyer786@student.edu
S01787,1CNVdp1tc3I0,kavya.gupta787@student.edu
S01788,ydZVLmWK0V4a,aditya.kumar788@student.edu
S01789,QjusqmELrBdN,arjun.pillai789@student.edu
S01790,xnkbSbEht3qK,pooja.pillai790@student.edu
S01791,lVcfnvnrGKqf,akhil.pillai791@student.edu
S01792,W3dDz2K9znTS,kiran.patel792@student.edu
S01793,xKC1twckaN7Q,anand.iyer793@student.edu
S01794,L35AxeC6xl1d,aishwarya.iyer794@student.edu
S01795,iATIMwNxmQj9,anand.sharma795@student.edu
S01796,YtBfHVMWCnda,sanjay.sharma796@student.edu
S01797,OyfZLgKHJ3qX,rohit.reddy797@student.edu
S01798,rl4uVVk3e6VB,nikhil.das798@student.edu
S01799,gtKwD1SZO5tO,rahul.iyer799@student.edu
S01800,W5O6yCfOgLIA,neha.patel800@student.edu
S01801,cNhol0hbCSY3,anand.iyer801@student.edu
S01802,d4Loziwnz8Z2,anjali.reddy802@student.edu
S01803,D6IIkHO36j0P,priya.sharma803@student.edu
S01804,HgYUwJStiuvx,nikhil.sharma804@student.edu
S01805,KOESVR5Tp0r0,akhil.pillai805@student.edu
S06806,wNdZq7diR3GO,meera.nair806@student.edu
S01807,rK64fCQlpzgq,aditya.iyer807@student.edu
S01808,X83yIk1u9wtz,aishwarya.menon808@student.edu
S01809,Eiqo70sLPlGb,akhil.nair809@student.edu
S01810,8oreYxBFvJsB,anand.das810@student.edu
S01811,u0xW7JiC8LaF,sneha.menon811@student.edu
S01812,X4Z0fWJ85jHC,rahul.nair812@student.edu
S01813,KxJCMrICsTja,vishnu.kumar813@student.edu
S01814,0y1WP1NmLiA3,rahul.sharma814@student.edu
S01815,ueDHknasIi57,kavya.kumar815@student.edu
S01816,4rWM9U7wW0Zd,divya.patel816@student.edu
S01817,92WkUP1H188K,pooja.gupta817@student.edu
S01818,3heoNxYSMO5r,aishwarya.patel818@student.edu
S01819,Qv8AVhv0bQWY,sanjay.nair819@student.edu
S01820,Cnkwz9iOTdz3,rahul.kumar820@student.edu
S01821,qrLsS9vdfTiQ,arjun.patel821@student.edu
S01822,Dl9B5xb1TXjK,rohit.patel822@student.edu
S01823,yyT2mDTk16ka,anjali.reddy823@student.edu
S06824,I0aMNIDR7vCe,priya.menon824@student.edu
S01825,GWxpdtWwacxM,anand.menon825@student.edu
S01826,IP3SGyag8IUx,anand.iyer826@student.edu
S01827,4T3h4n697rrL,divya.sharma827@student.edu
S01828,vxJ2jZTvw43K,vishnu.patel828@student.edu
S01829,ZwDRgNkxCrTG,anjali.reddy829@student.edu
S02830,F1zy0YBlXPnG,aishwarya.sharma830@student.edu
S01831,7JC1aByOST9q,rahul.gupta831@student.edu
S01832,5yF9AiGsuZRy,aishwarya.das832@student.edu
S01833,U5AxJ4TfEZiH,priya.menon833@student.edu
S01834,s0Ekkb3GQ0eJ,rahul.sharma834@student.edu
S01835,341xRcElcEKJ,kiran.nair835@student.edu
S01836,oZsc1x8mMwZB,vishnu.reddy836@student.edu
S01837,EKi14TXiA96e,sneha.reddy837@student.edu
S01838,1F0NEv1SRvQq,meera.reddy838@student.edu
S01839,HFORoQmghNJj,anjali.patel839@student.edu
S01840,UO7KyuoPFB3L,aditya.reddy840@student.edu
S01841,NICdZvEaicMv,sneha.kumar841@student.edu
S01842,tgtoKJtb4BoN,rohit.reddy842@student.edu
S01843,VP4t8mwd02C5,meera.sharma843@student.edu
S01844,A48hCv7bnHDQ,nikhil.iyer844@student.edu
S01845,PAhHCXTmig8P,rohit.menon845@student.edu
S01846,YOJqsSba74iE,kiran.das846@student.edu
S01847,lhh2b7Y28CxK,neha.iyer847@student.edu
S01848,1fjcnY7LEBns,rohit.iyer848@student.edu
S01849,njqYoIzTTtX5,aishwarya.kumar849@student.edu
S01850,wCx4PWKLqLLe,pooja.reddy850@student.edu
S01851,K6WMdvShbMOa,vishnu.nair851@student.edu
S01852,lxesRhJoxXEs,arjun.kumar852@student.edu
S01853,Iemwtzcqh6kk,kavya.iyer853@student.edu
S01854,AEnBsScUocwU,nikhil.sharma854@student.edu
S01855,c5G1rya0IdUU,kiran.menon855@student.edu
S01856,dwA9vGLFD1PV,aishwarya.gupta856@student.edu
S01857,uSN8COdEyu8h,divya.gupta857@student.edu
S01858,P3erhRu37EoE,divya.iyer858@student.edu
S01859,lc77TZIryJcV,aishwarya.reddy859@student.edu
S01860,Z5pD0qEfj33z,priya.patel860@student.edu
S01861,MomNoufkHqoj,sreya.patel861@student.edu
S07862,zqYcLXgHvpq2,rohit.kumar862@student.edu
S01863,fkHhdpa3fcqQ,sneha.nair863@student.edu
S01864,nrSFjSb7wC0J,kiran.kumar864@student.edu
S01865,IUdH1EHyVfge,sanjay.iyer865@student.edu
S01866,Z0UkI5jfiEKj,sanjay.patel866@student.edu
S01867,Sw9VzT0N1eZN,kavya.kumar867@student.edu
S01868,9hy8r2l1mMts,rohit.patel868@student.edu
S01869,w7QWmaBqI23I,aishwarya.reddy869@student.edu
S01870,TxKbSB7YIRzR,neha.reddy870@student.edu
S01871,FYlI7IiJKMAI,nikhil.gupta871@student.edu
S01872,dBL1Xkp2dMPa,divya.kumar872@student.edu
S01873,fGyYU0ATW4bP,priya.iyer873@student.edu
S01874,QJay76g8FgZQ,kavya.pillai874@student.edu
S01875,zqdYrbukgcp8,vishnu.pillai875@student.edu
S01876,ny5fgzowAAEP,rohit.menon876@student.edu
S01877,43USI7VYsg2t,sreya.kumar877@student.edu
S01878,c1uhgDIZ10c0,aditya.gupta878@student.edu
S01879,1v6vVsifnOgr,pooja.sharma879@student.edu
S01880,RkfTtiDRbp1p,sneha.sharma880@student.edu
S01881,rG1JGcq6hOka,aishwarya.sharma881@student.edu
S01882,trxStBPFbOx8,aishwarya.menon882@student.edu
S01883,4SmnEK6lDyU0,divya.nair883@student.edu
S06884,fnoG338WrB2B,nikhil.das884@student.edu
S01885,Mm0M9Glh3oTh,anand.sharma885@student.edu
S01886,juD1dqpE6UtW,sanjay.menon886@student.edu
S01887,WZvUaiTsYCUY,priya.kumar887@student.edu
S01888,2UZ9uNLpUt23,sreya.reddy888@student.edu
S01889,dkI4xuJMWHGk,anjali.patel889@student.edu
S01890,2GfcGVpKmB6L,kavya.kumar890@student.edu
S01891,0u9k3PHfeKcN,sneha.sharma891@student.edu
S01892,AvC2fpSTVss1,anand.pillai892@student.edu
S01893,w5eMdqPcCg3j,nikhil.patel893@student.edu
S01894,Nll9fFUJUYE8,neha.menon894@student.edu
S01895,ASTsAJK1DnvL,kiran.nair895@student.edu
S01896,f6pqxqQdVCxC,kiran.gupta896@student.edu
S01897,LmTqPEfFbc1r,priya.kumar897@student.edu
S01898,g3x4sBNorMx3,rahul.nair898@student.edu
S01899,N4sqSxd4Acki,divya.gupta899@student.edu
S01900,ZMMc7cgwIzGq,rohit.das900@student.edu
S01901,iW52OVixMBgq,anjali.menon901@student.edu
S01902,PkvpOcJIhAiT,nikhil.gupta902@student.edu
S08903,THaNzMLdUsxl,priya.das903@student.edu
S01904,8z6CIhPgngcJ,anjali.pillai904@student.edu
S01905,j5Len7ByggTf,anjali.reddy905@student.edu
S01906,WwalB0tpq5YK,sneha.kumar906@student.edu
S01907,UDzyQOOQW3Rh,kiran.nair907@student.edu
S01908,nvRxXXQC3qjd,nikhil.patel908@student.edu
S01909,c5qoBnfD0YcU,kiran.reddy909@student.edu
S01910,yKUxmtYITiK3,nikhil.reddy910@student.edu
S01911,PbDWv9foWaMW,rahul.das911@student.edu
S01912,xpzdgNzs7xAq,sreya.pillai912@student.edu
S01913,vskzyxXZzxLV,nikhil.kumar913@student.edu
S01914,i4NAA5uD5O7d,vishnu.patel914@student.edu
S01915,SWNouTxpemyb,anand.kumar915@student.edu
S01916,aFfmcwuJ3dkq,priya.gupta916@student.edu
S04917,XiO0sFtavTHm,aishwarya.menon917@student.edu
S01918,i0WK7qjZwK9c,sneha.kumar918@student.edu
S01919,Q98wvBeKDUKm,kavya.das919@student.edu
S01920,GhflefE8fuTn,anjali.gupta920@student.edu
S01921,Y8k5wYNSgoRP,kavya.kumar921@student.edu
S01922,8xZ5UlfqkJWr,vishnu.pillai922@student.edu
S01923,vazc39M2edDA,priya.nair923@student.edu
S01924,3kL5YuwGwMhK,neha.das924@student.edu
S01925,A8ZCJAgyFxD3,aishwarya.patel925@student.edu
S01926,QzPxeE4xPZx2,sreya.iyer926@student.edu
S01927,hJMyg1wI0A4h,sanjay.pillai927@student.edu
S01928,1CI7Vkh8JQAY,priya.iyer928@student.edu
S01929,qTkd5JMVdboY,anand.menon929@student.edu
S01930,sBQtO0UVxk0c,aditya.sharma930@student.edu
S01931,H1xMYgH0YoXE,divya.gupta931@student.edu
S01932,M25pBLBgv9qb,sneha.reddy932@student.edu
S01933,ctrp2gvddcin,aishwarya.menon933@student.edu
S01934,6pN4ojZzQuMz,kiran.gupta934@student.edu
S01935,CtqZFKjKrzhE,neha.patel935@student.edu
S01936,aHLk6kU5dxqd,priya.gupta936@student.edu
S01937,2POOhJeqO2BM,anjali.menon937@student.edu
S01938,7iWk4xNacL4L,anjali.sharma938@student.edu
S01939,L8PdQYkMQX2t,sanjay.menon939@student.edu
S01940,4JShdJDeZtyJ,pooja.menon940@student.edu
S01941,eM1XOO3iGkjq,aishwarya.das941@student.edu
S01942,glipVh8XU7i9,neha.patel942@student.edu
S01943,IXzSU5BaWNhs,akhil.nair943@student.edu
S01944,Z6SQj7rkWbSS,aishwarya.iyer944@student.edu
S01945,TMNcomlrshAB,priya.das945@student.edu
S01946,YTCbniQfeqDM,sanjay.patel946@student.edu
S01947,JImUtlzMpJII,divya.gupta947@student.edu
S01948,Fzh0XXiCuZBL,meera.pillai948@student.edu
S01949,zJbrUm0gaoRf,rahul.sharma949@student.edu
S01950,kDJlJs7P2Scf,rahul.kumar950@student.edu
S01951,ORdZXCfR7HL6,pooja.sharma951@student.edu
S01952,i59qLEMNsdGi,rahul.kumar952@student.edu
S01953,aWyMuSKWeNTm,kavya.sharma953@student.edu
S01954,zlpinLKBt3rH,rahul.pillai954@student.edu
S01955,lH8arW9VNOO4,aditya.patel955@student.edu
S01956,Kb5q6V4NcZ3c,kavya.iyer956@student.edu
S01957,v7KDUYh2BwTu,meera.patel957@student.edu
S01958,6pe669IJ7WSj,aditya.kumar958@student.edu
S01959,zwLoSY4VEkdY,aditya.menon959@student.edu
S01960,EGgVmMKEgDDU,anand.gupta960@student.edu
S01961,LFmOn7tDc2yN,sneha.gupta961@student.edu
S01962,YARXF9A2uAf6,divya.das962@student.edu
S01963,m6C6yYzg5q7n,rahul.sharma963@student.edu
S01964,ZBfw8hjxw8G8,aishwarya.nair964@student.edu
S01965,oOw9prYYtfZv,sreya.gupta965@student.edu
S01966,45kSAPvj7R1e,anjali.iyer966@student.edu
S01967,2Xn3CAJypnt7,vishnu.pillai967@student.edu
S01968,Bv4N9h01dT1S,sreya.das968@student.edu
S01969,qcco6sZFoMEL,meera.das969@student.edu
S01970,wRtrAgrMgDws,neha.pillai970@student.edu
S01971,DPV4qbC4TQu9,priya.nair971@student.edu
S01972,3SNLBh9Ut46D,sreya.patel972@student.edu
S01973,RsYVOYShFZIE,akhil.kumar973@student.edu
S01974,ENk5UVyPEPXk,sanjay.nair974@student.edu
S01975,sL8oj8akGaPY,nikhil.reddy975@student.edu
S01976,AfHcpW9Xjacn,sneha.pillai976@student.edu
S01977,DsR2azK41F1g,nikhil.sharma977@student.edu
S01978,eEWxqlCZhoCt,nikhil.das978@student.edu
S01979,xxjKL7K5RaiF,kavya.menon979@student.edu
S01980,7YVBIvGarumX,pooja.sharma980@student.edu
S01981,deeTR9KWpQW7,anjali.menon981@student.edu
S01982,Q5VETHZktb9S,sreya.sharma982@student.edu
S01983,I1nOgVAw8tsC,anjali.reddy983@student.edu
S01984,ZMSafxZzGxEF,aishwarya.das984@student.edu
S01985,2dWJ4c4bgzZS,aishwarya.sharma985@student.edu
S01986,hcMlfBYpAn0h,divya.gupta986@student.edu
S01987,MQM0XB0ZSrx2,sanjay.nair987@student.edu
S01988,70XwDy2ZlxQT,akhil.das988@student.edu
S01989,ZZDqJBzvQ3zG,priya.iyer989@student.edu
S08990,Smu1psWuAhPJ,aditya.patel990@student.edu
S01991,r0QQcg3zc4mV,neha.patel991@student.edu
S01992,HN0oTdehOct3,priya.menon992@student.edu
S01993,4YELhKSDXsOF,anand.gupta993@student.edu
S01994,jKWEL2fdYTGG,akhil.das994@student.edu
S01995,TW7F96KYJGUm,rahul.iyer995@student.edu
S01996,euerBUaCYlV7,kiran.menon996@student.edu
S01997,O26UHKx9UKUx,neha.patel997@student.edu
S01998,NbmDlphNqcIf,rohit.das998@student.edu
S01999,Oiok6XJIbAIn,priya.das999@student.edu
S02000,ItpNEUdpCnOK,divya.gupta000@student.edu
S02001,uGbYLIqQKSKo,kavya.kumar001@student.edu
S02002,8y5EIkEZozDW,priya.reddy002@student.edu
S09003,lzEGmfA6ejOW,kiran.iyer003@student.edu
S02004,W0FiP4kOmzMD,rohit.reddy004@student.edu
S02005,D4Ug394AJTSE,kavya.patel005@student.edu
S02006,QOJXXvzo1pye,anjali.iyer006@student.edu
S02007,OKRbOw0ZK0jQ,meera.nair007@student.edu
S02008,tvBsB8nPWHGP,vishnu.gupta008@student.edu
S02009,Sw6xOGQUdfyP,neha.iyer009@student.edu
S02010,wi57y67rQUk1,aishwarya.menon010@student.edu
S02011,0ASBQL9CCpPJ,rahul.kumar011@student.edu
S02012,4u79TMVJ99oa,nikhil.reddy012@student.edu
S09013,RuZePFnBvujB,anand.gupta013@student.edu
S02014,zhJKk82J8oFH,neha.pillai014@student.edu
S02015,6b9Q0aj8WTGp,anand.reddy015@student.edu
S02016,vURNcrjDY7co,kiran.reddy016@student.edu
S02017,iHCgnESUAHy4,aishwarya.pillai017@student.edu
S02018,DOuq4V4xLLmB,sanjay.das018@student.edu
S02019,Zd9QL4tNdm83,anjali.reddy019@student.edu
S02020,w1y1fcLbg5Fv,pooja.kumar020@student.edu
S02021,cHl4lg9sOiO7,sreya.nair021@student.edu
S02022,8QnwCbSEAZGA,kiran.menon022@student.edu
S02023,FCbWet54NRmM,kavya.patel023@student.edu
S08024,918f3lrgaCUL,kiran.sharma024@student.edu
S02025,pGatT1lENXK6,priya.patel025@student.edu
S02026,OVLFek5INRro,kiran.patel026@student.edu
S02027,qMe5fk6AsttG,meera.menon027@student.edu
S02028,S5u8aYy8D2vQ,anjali.das028@student.edu
S02029,pZ52ZWVlt9Mq,pooja.pillai029@student.edu
S02030,tUNTDv71lkco,neha.reddy030@student.edu
S02031,FFIzZjFtEOXS,divya.nair031@student.edu
S02032,xGIJVIQV91j9,aishwarya.reddy032@student.edu
S02033,urIhsU2vIeL5,vishnu.kumar033@student.edu
S02034,DKOItnkPJGtu,kavya.reddy034@student.edu
S02035,BbwGizb8oQTo,priya.gupta035@student.edu
S02036,3Z2CJcmocQyB,priya.reddy036@student.edu
S02037,lwGPlOma5tIo,sreya.sharma037@student.edu
S02038,WbmBnoQ397MM,kiran.iyer038@student.edu
S02039,z0aMlTF8AwWa,aditya.sharma039@student.edu
S02040,CV8ZanQQGfuV,aishwarya.patel040@student.edu
S02041,aYol4nSGzeWI,sneha.menon041@student.edu
S02042,gFheYeR73fW2,akhil.das042@student.edu
S02043,OlBSCjLBQrR2,divya.reddy043@student.edu
S02044,8nXXs2At2g0L,rahul.kumar044@student.edu
S02045,OfOCDkxF1fnA,rohit.das045@student.edu
S02046,Mxbi0hw4oTEW,anand.sharma046@student.edu
S02047,Dc5FETDBOfm0,anand.nair047@student.edu
S02048,IU8d34qKqV9G,arjun.pillai048@student.edu
S02049,6ALw322Z38tO,aditya.iyer049@student.edu
S02050,IDbCrM6MZj3W,sneha.reddy050@student.edu
S02051,oq021BSrIMgA,anand.pillai051@student.edu
S02052,5m8khHztjq3I,arjun.patel052@student.edu
S02053,5VEXTVJO6vG6,kavya.patel053@student.edu
S02054,lLo0Db2UqaEK,vishnu.das054@student.edu
S02055,v5IQuw8z2CgT,kiran.patel055@student.edu
S02056,9rfrUStyelch,aishwarya.kumar056@student.edu
S02057,GY3uOJyh5cq0,anand.das057@student.edu
S02058,GYGIBjCmWzu7,kavya.menon058@student.edu
S02059,ZMst8SOFqUhj,divya.kumar059@student.edu
S02060,fLLjtzxaIRA1,anand.reddy060@student.edu
S02061,IrcxgeryaO4v,anjali.sharma061@student.edu
S02062,9Q8RDOY1d7J1,aditya.menon062@student.edu
S02063,77Xm2rYe1YK4,aditya.das063@student.edu
S02064,rtDxgmQAsiqQ,rohit.pillai064@student.edu
S02065,rmuEyBJuX9zZ,nikhil.patel065@student.edu
S02066,8QNWiAbuti16,meera.pillai066@student.edu
S02067,u75Hb8ghNu6E,divya.iyer067@student.edu
S02068,lP5NfrCLyASC,vishnu.patel068@student.edu
S02069,WQWS3WPg3KmD,aishwarya.iyer069@student.edu
S02070,8qJG8HN47eA7,kiran.menon070@student.edu
S02071,wfk3yoB9PWRZ,sneha.gupta071@student.edu
S02072,1OmlJYgW3Ra8,neha.iyer072@student.edu
S02073,OeK62IGy8TTm,priya.sharma073@student.edu
S02074,P6slrNZfFekN,meera.nair074@student.edu
S02075,ke3yIEQC4CKs,anjali.sharma075@student.edu
S02076,N9VV1pkXu9PO,nikhil.menon076@student.edu
S02077,p8bQi835cgCp,rahul.menon077@student.edu
S02078,59pEqTxQhOet,arjun.reddy078@student.edu
S02079,fD2fi2d04XBG,arjun.menon079@student.edu
S02080,SCEhzfKfz6m7,arjun.kumar080@student.edu
S02081,B5yKFYNeX1kh,sneha.pillai081@student.edu
S02082,Gf2DjOZAUkTs,akhil.das082@student.edu
S02083,nZXLSNiVVpam,aishwarya.pillai083@student.edu
S07084,xvcL5vncQ37f,arjun.menon084@student.edu
S02085,pMMznemJxb7m,kiran.patel085@student.edu
S02086,FbdbvXSAj6nP,kavya.gupta086@student.edu
S08087,uclieqx0crCv,kavya.das087@student.edu
S02088,ywoRalAWR8ND,neha.nair088@student.edu
S02089,kdEJc1e6buOe,neha.reddy089@student.edu
S02090,IzmphENjm2hX,priya.patel090@student.edu
S02091,QNW9vxV4OSsr,rohit.menon091@student.edu
S02092,o5oSpklu52Cw,kiran.nair092@student.edu
S02093,WqSl91y33uMs,priya.pillai093@student.edu
S02094,B8GXo0uQzsqQ,aishwarya.kumar094@student.edu
S02095,jlP2VGbIut6m,divya.reddy095@student.edu
S02096,QssoDYh1q4F5,rohit.gupta096@student.edu
S02097,2mns2zeXN02B,kiran.kumar097@student.edu
S02098,xrwF5ulKW13z,meera.pillai098@student.edu
S02099,LfA6uqSQpdwm,pooja.patel099@student.edu
S02100,J6YtLu32uBoz,sanjay.kumar100@student.edu
S02101,tgS1kcoekEFf,divya.menon101@student.edu
S02102,K0HKHM5HH0cn,priya.reddy102@student.edu
S02103,VMpGkB85HIDt,kavya.pillai103@student.edu
S02104,X2ZloeIwd9Dw,priya.gupta104@student.edu
S02105,u9EEQz4yAQJG,kavya.iyer105@student.edu
S02106,VV19QeUC85EZ,nikhil.iyer106@student.edu
S02107,eiHgrMJfYzoE,sreya.nair107@student.edu
S02108,pTHKPyv3RqdC,kiran.sharma108@student.edu
S02109,InSxmjUC7YmD,kiran.menon109@student.edu
S02110,AjZXHRrPXjME,aditya.nair110@student.edu
S02111,CQzRL57prOLb,sneha.nair111@student.edu
S02112,z6GY4OAnrGYT,nikhil.menon112@student.edu
S02113,BVhHVhLoqu3d,vishnu.patel113@student.edu
S02114,fzLWkQR8J4iA,anand.pillai114@student.edu
S02115,UbEk5QyDCCwm,rohit.das115@student.edu
S02116,YRkuMTxAst85,aditya.iyer116@student.edu
S02117,sDAZ9AiQSSzm,nikhil.iyer117@student.edu
S02118,QkGpJOk7efNv,nikhil.iyer118@student.edu
S02119,zQ535R6Kk6d8,nikhil.kumar119@student.edu
S02120,GJ8rYXo1kS2T,kavya.menon120@student.edu
S02121,hXW9NspjOOkB,kiran.iyer121@student.edu
S02122,2t3M3XjV73Fe,pooja.patel122@student.edu
S02123,m3ZnaUuuTu87,rahul.iyer123@student.edu
S02124,kZj7lUVQHJvT,sreya.reddy124@student.edu
S02125,DL8POi0hKznu,sreya.kumar125@student.edu
S02126,3bCAXN80Kkmk,pooja.menon126@student.edu
S02127,ufgqOlBOUI10,anand.menon127@student.edu
S02128,Yut2WTGrZK4P,aishwarya.iyer128@student.edu
S02129,cafBliqY8eMi,aditya.reddy129@student.edu
S02130,zDJFql6MC0i1,aditya.iyer130@student.edu
S02131,Sut1HGKxbHDP,kiran.iyer131@student.edu
S02132,0ZZLvQyrXPk8,aishwarya.iyer132@student.edu
S02133,dOFUmeBGUy4z,akhil.nair133@student.edu
S02134,2TRQxkcVhyDM,pooja.sharma134@student.edu
S02135,NCGrCEDaZVSC,aishwarya.gupta135@student.edu
S02136,1vimy0AHpbiD,sneha.kumar136@student.edu
S02137,7M3mJ6iIXjxH,aishwarya.patel137@student.edu
S02138,GYvAoCdy9zaH,vishnu.das138@student.edu
S02139,tVU9lOZyBJl8,sreya.pillai139@student.edu
S02140,T5gxSK1DJ7f3,sneha.pillai140@student.edu
S02141,3PbXuktcwlY7,sneha.menon141@student.edu
S02142,XThmTVT9J38G,neha.kumar142@student.edu
S02143,232oXMjWM5ZM,aditya.nair143@student.edu
S02144,4gDGtzLx0A56,rohit.nair144@student.edu
S02145,qstYc1fyBUzh,vishnu.kumar145@student.edu
S02146,f2BRbGwlk2qs,vishnu.iyer146@student.edu
S02147,NXZ2YLvzx1Uk,sreya.patel147@student.edu
S02148,Y6drQ7nqdB2Q,vishnu.pillai148@student.edu
S02149,756hBeKPFOaQ,kiran.menon149@student.edu
S02150,0fzCSB6SnPX7,akhil.reddy150@student.edu
S02151,tgNNamMwd0kM,neha.iyer151@student.edu
S02152,Csw4rddnIJMu,rohit.patel152@student.edu
S02153,8AfVMRvBlOi6,pooja.menon153@student.edu
S02154,h3NpkvGc7shP,arjun.nair154@student.edu
S02155,yDv2KVDBRfAz,nikhil.nair155@student.edu
S02156,3H9neEVLIxdc,nikhil.sharma156@student.edu
S02157,TnEmmAvnHDLG,priya.reddy157@student.edu
S02158,oCbjkK8SlQi4,sreya.gupta158@student.edu
S02159,pbKO5YI3KNN6,kiran.nair159@student.edu
S02160,HGHNbvkkrhbD,meera.patel160@student.edu
S02161,KN5eQIobKigO,sreya.reddy161@student.edu
S02162,w5mfgR0rU5DT,sneha.pillai162@student.edu
S02163,deAW4AqbsqD0,pooja.reddy163@student.edu
S02164,w7oNx4DMe8f3,nikhil.nair164@student.edu
S02165,gsj9LHeyjAS4,sneha.das165@student.edu
S02166,A5xhBY5k5r3J,vishnu.pillai166@student.edu
S02167,VZJcbUTQk8eY,kavya.kumar167@student.edu
S02168,xTgblotWtnsF,sneha.menon168@student.edu
S02169,HWluDs4mth45,rohit.gupta169@student.edu
S02170,3hwJ6RNwVBHd,nikhil.menon170@student.edu
S02171,lJ8vPvqe3Yx7,kavya.iyer171@student.edu
S08172,c2hBsijtr3Lw,aditya.kumar172@student.edu
S02173,SdXyrx2l0JSe,divya.iyer173@student.edu
S02174,aMPjqA1i5yxC,nikhil.gupta174@student.edu
S03175,a4U19cf2ceft,akhil.sharma175@student.edu
S02176,MxiPOWvP9BC3,priya.menon176@student.edu
S02177,HJBMyMjd5CMS,anand.das177@student.edu
S02178,V8M8g8PeAemA,kiran.menon178@student.edu
S02179,PBHUYAgMh3o4,sreya.nair179@student.edu
S02180,I9Xhnhn9vpEi,rahul.menon180@student.edu
S02181,24eafQbGVWrN,meera.nair181@student.edu
S02182,PasMVRyi2Zay,anand.pillai182@student.edu
S02183,bF3JzMe99D3L,anjali.pillai183@student.edu
S02184,6UYVoiFzkfKD,rahul.gupta184@student.edu
S02185,NjrxLvpOJxC0,vishnu.das185@student.edu
S02186,9TzCULo8llcR,vishnu.das186@student.edu
S02187,Sa95tLOv2Wyd,sneha.pillai187@student.edu
S02188,FEbOcQyPdPqg,akhil.das188@student.edu
S02189,mEWJy1vLQ9d1,aishwarya.kumar189@student.edu
S02190,JoOq58ScNQKW,anjali.pillai190@student.edu
S02191,DYiHrEfRZl1d,divya.sharma191@student.edu
S02192,iTtub94Ppir8,kiran.pillai192@student.edu
S02193,KQv1dDqGM3gM,anjali.iyer193@student.edu
S02194,aB2Kh9OhFU3V,arjun.iyer194@student.edu
S02195,QlZIj8KZk8RG,arjun.nair195@student.edu
S02196,FhvFrUgHoNVX,aishwarya.kumar196@student.edu
S02197,22qA5QDUAKfK,divya.gupta197@student.edu
S02198,v3Jh18s9QM2Z,vishnu.reddy198@student.edu
S02199,tr1YiXhaDDCu,aditya.iyer199@student.edu
S02200,QohurH9IR2NX,neha.iyer200@student.edu
S02201,6sak2gI407ZZ,anand.patel201@student.edu
S02202,T3lkihhnMk2i,meera.pillai202@student.edu
S02203,uPDy40dbhucQ,rahul.patel203@student.edu
S06204,AMTiPkv5tYEC,aditya.menon204@student.edu
S02205,BJwSesCilL9J,anand.nair205@student.edu
S02206,mXIL6mg08DNs,pooja.reddy206@student.edu
S02207,tvxThG0WGOtg,neha.pillai207@student.edu
S02208,ShXvCFEyyUll,rahul.nair208@student.edu
S02209,S29ekA7Hweay,neha.nair209@student.edu
S02210,mYKP7zvScGJ0,pooja.pillai210@student.edu
S02211,eBUwDZLw76M5,akhil.patel211@student.edu
S02212,q0r2mP1XXBKw,akhil.patel212@student.edu
S02213,IVPu2PC2NCA2,meera.pillai213@student.edu
S02214,ac3pBQL5tgyB,aishwarya.menon214@student.edu
S02215,KCNCoMSTK5Nf,aishwarya.kumar215@student.edu
S02216,Y5snD2yAqPcR,arjun.iyer216@student.edu
S02217,cU0qMIpRklqt,kiran.gupta217@student.edu
S02218,Mv510Pewex8s,arjun.patel218@student.edu
S02219,9arwhwYgb2Js,anand.das219@student.edu
S02220,K9C7AlPBRvEt,aditya.patel220@student.edu
S02221,mnqFGzPwRRoT,kiran.kumar221@student.edu
S02222,ZhuYDy46TELG,aishwarya.pillai222@student.edu
S02223,Rg3rnzVy0zn7,aishwarya.menon223@student.edu
S02224,mEZneHozJ0sc,neha.menon224@student.edu
S02225,PU8o9jmFtavP,neha.sharma225@student.edu
S02226,qasiX62vzikT,aditya.das226@student.edu
S08227,3VOAOeVdSzxC,aditya.nair227@student.edu
S02228,h7pArRCbjOf9,nikhil.patel228@student.edu
S02229,yevIPEicy2o2,aditya.das229@student.edu
S02230,F8cgOvmRYq99,anand.das230@student.edu
S02231,p00Ji0BK1Fke,arjun.sharma231@student.edu
S02232,Xm4VtKplPomq,akhil.gupta232@student.edu
S02233,CPs8I3icNXOn,neha.nair233@student.edu
S02234,msZEV2VDpCoF,anjali.pillai234@student.edu
S02235,1xQgoxH0TGXL,kiran.patel235@student.edu
S02236,46TQ3TCRgZOB,aditya.sharma236@student.edu
S02237,CDXklFjADlMK,aishwarya.nair237@student.edu
S02238,z52CXO0oU7oM,sreya.patel238@student.edu
S02239,7lwZiW4yZZce,rohit.menon239@student.edu
S02240,rzbvVUf2yp1i,rohit.reddy240@student.edu
S02241,bAbWIidExdz7,aditya.menon241@student.edu
S02242,gkNOBFzBMxhv,rohit.das242@student.edu
S02243,P79cmyPrpejK,kavya.reddy243@student.edu
S02244,XXOcWBqlWDHq,sreya.kumar244@student.edu
S02245,OKtcIq93urp1,pooja.pillai245@student.edu
S02246,KYWR2bPhQAV1,akhil.nair246@student.edu
S02247,wUhkeq5KHiiI,aditya.reddy247@student.edu
S02248,CnUYH91HKpRT,anjali.kumar248@student.edu
S02249,fuLvZKRnHJNm,kiran.sharma249@student.edu
S02250,FNa6Z12LkuiC,meera.kumar250@student.edu
S02251,MtLV14b85Cg5,kiran.kumar251@student.edu
S02252,gFVInRFb0MfI,neha.sharma252@student.edu
S02253,gB9F0rNncw2f,divya.das253@student.edu
S02254,zQB41LP0bxPn,akhil.patel254@student.edu
S02255,qLrQYHe6SZZT,anjali.sharma255@student.edu
S02256,gHK20S7EfoGT,meera.reddy256@student.edu
S02257,RoO5DxtpJb2K,sanjay.das257@student.edu
S02258,70vmNe8gupx5,rahul.sharma258@student.edu
S02259,GNvcBFAK5Fa7,anjali.gupta259@student.edu
S07260,4FHmuUvGS2lh,aditya.kumar260@student.edu
S02261,dOxYgkIEhpLb,neha.sharma261@student.edu
S02262,brYievrDpIT8,sneha.gupta262@student.edu
S02263,wzWi34ULXGcs,anjali.gupta263@student.edu
S02264,fv4GF10l2XnX,neha.sharma264@student.edu
S02265,P5Kkqc6B2APg,kavya.gupta265@student.edu
S02266,rb1NjQZbdhqZ,aishwarya.patel266@student.edu
S02267,80j40L8gBjV6,priya.patel267@student.edu
S02268,dRPViwDChNjS,sneha.patel268@student.edu
S02269,qvgDAOyWOLCH,sanjay.reddy269@student.edu
S02270,kn32uOIQMu87,divya.sharma270@student.edu
S02271,HS4O9auHiwfh,aditya.pillai271@student.edu
S02272,QvAOb4yrNMyx,sanjay.das272@student.edu
S02273,XGdMjkNmYtVL,anand.menon273@student.edu
S02275,WOLdZVvWxhgP,aishwarya.menon275@student.edu
S02276,vrYHkNhvgkOx,rahul.sharma276@student.edu
S02277,E0oEQjXwRwJg,sreya.menon277@student.edu
S02278,FfWi92gix61Q,vishnu.reddy278@student.edu
S02279,URztzqvFxSx1,divya.nair279@student.edu
S02280,9wJCk6x5Zryd,sneha.sharma280@student.edu
S06281,oJpcI1qJ9Bi4,sneha.iyer281@student.edu
S02282,7I1CDFC3zXv9,sreya.iyer282@student.edu
S02283,RoxsyeXRgtmO,priya.gupta283@student.edu
S02284,UxMMmULlhZHu,nikhil.menon284@student.edu
S02285,pJQwPqcnrpdC,vishnu.iyer285@student.edu
S02286,71NjDnz8gldB,pooja.iyer286@student.edu
S02287,KBczi7HsmD8Y,akhil.reddy287@student.edu
S02288,xn4gQg1h0CfP,sreya.sharma288@student.edu
S02289,cvHkAYRTYd14,anjali.sharma289@student.edu
S02290,CNwKgdDimJWk,arjun.das290@student.edu
S02291,BZAq37tYV0fY,arjun.kumar291@student.edu
S02292,K3djWAH3c2gb,priya.menon292@student.edu
S02293,RoqdRLgKtCho,priya.sharma293@student.edu
S02294,E5PUjqf4l9Zd,anand.iyer294@student.edu
S02295,gbi0iovzf34T,divya.gupta295@student.edu
S02296,GMSYpnBQLtFu,anjali.das296@student.edu
S02297,KxDjytByVe78,divya.nair297@student.edu
S02298,P73BLjRK3maz,kiran.sharma298@student.edu
S02299,vsQDaSYC2jOo,arjun.kumar299@student.edu
S02300,6NLekOeHH7ti,anjali.pillai300@student.edu
S02301,IlAgUvRvKJYT,arjun.kumar301@student.edu
S02302,GIHC5dIqlIbX,akhil.pillai302@student.edu
S02303,CRgYyhmQ6cWT,anand.pillai303@student.edu
S02304,K5uqCxTki6IG,divya.kumar304@student.edu
S02305,2UEW0vmShWZ9,aditya.menon305@student.edu
S02306,JFinKKWaS2Pd,akhil.reddy306@student.edu
S02307,wy5NjFnJKlqV,arjun.kumar307@student.edu
S02308,KyTFFnt90oMJ,sanjay.kumar308@student.edu
S02309,vXrfKbcbK57X,neha.iyer309@student.edu
S02310,tVdd1dgPARo1,pooja.sharma310@student.edu
S02311,zjMvFz4AJrbt,meera.reddy311@student.edu
S02312,9lVoJUVrnL8H,meera.nair312@student.edu
S02313,bNWxJ9nc4mbt,meera.reddy313@student.edu
S02314,6G0By1vwJhLq,arjun.das314@student.edu
S02315,LNZFIMXf2N9F,anand.menon315@student.edu
S02316,Htc9l93H11NL,sreya.kumar316@student.edu
S02317,c9eFtXylxXtU,anand.das317@student.edu
S02318,4VfTeO6CA9gj,sreya.kumar318@student.edu
S02319,3PKR4sWdVty8,sreya.patel319@student.edu
S02320,DCDl33c5tGmk,aishwarya.das320@student.edu
S02321,55ymQngfqJMa,anand.kumar321@student.edu
S02322,hrYTmA5W9BqO,sreya.patel322@student.edu
S02323,sUdx8hR1CdcU,vishnu.das323@student.edu
S08324,gl5gDlmXDUYV,anjali.menon324@student.edu
S02325,FXtBa9IPMg6p,aditya.nair325@student.edu
S02326,u9WE798l8sAI,arjun.reddy326@student.edu
S02327,mySjObBwN1I3,rahul.gupta327@student.edu
S02328,sgRbTToImyPJ,sneha.das328@student.edu
S02329,grUqm9xbGUrj,sanjay.sharma329@student.edu
S02330,Ov7nOnRB9Aw3,rohit.nair330@student.edu
S02331,pd3Dyfw7kC2d,rohit.nair331@student.edu
S02332,80UVrXGqiqo5,aditya.reddy332@student.edu
S02333,gOMPFzcjYHZu,pooja.pillai333@student.edu
S02334,R8YxC7Jqo0Cy,vishnu.das334@student.edu
S02335,eOHmIKvtCObm,divya.pillai335@student.edu
S02336,zkftLYpJzQG2,sreya.gupta336@student.edu
S02337,B4RH8LxQnBPh,sanjay.das337@student.edu
S02338,XAzmP21K3Utp,priya.gupta338@student.edu
S02339,ps8wWa5eKRQa,aishwarya.sharma339@student.edu
S02340,l6BuViWdPEnn,akhil.kumar340@student.edu
S02341,ex6x2l8kr8iC,kiran.menon341@student.edu
S02342,LkuoBtccm1MV,neha.pillai342@student.edu
S02343,XgaYFsbsKKsK,sneha.das343@student.edu
S02344,lAbcW4RZTavP,pooja.gupta344@student.edu
S02345,AR3uXdM7XK3l,nikhil.gupta345@student.edu
S02346,9cVDNnSj0p82,rohit.patel346@student.edu
S02347,3hTWg4o5vh8s,rahul.reddy347@student.edu
S02348,qPKadrsURWAM,kiran.sharma348@student.edu
S02349,wod4kMi9XicJ,arjun.iyer349@student.edu
S04350,V0ccpuQCMehQ,sreya.menon350@student.edu
S02351,CQUFDbSD9cu2,kiran.das351@student.edu
S02352,IS60DevAuQj5,pooja.gupta352@student.edu
S02353,WRf2xGBydyfD,neha.menon353@student.edu
S02354,M0dnU8KHfbX1,vishnu.patel354@student.edu
S02355,3LEG7UWuTqZK,rohit.kumar355@student.edu
S02356,eYxY2nRrktST,sneha.iyer356@student.edu
S02357,XqTsxk7QHQzF,kiran.iyer357@student.edu
S02358,7aDbm3W2G4Pm,aishwarya.menon358@student.edu
S02359,uA3AVPIL956I,sanjay.pillai359@student.edu
S02360,mvhhTERlzZPA,rahul.gupta360@student.edu
S07361,GCxQHAEfk5un,rohit.gupta361@student.edu
S02362,OWZeqVxZMGTJ,aditya.gupta362@student.edu
S02363,lunnNWEOOSUc,kiran.iyer363@student.edu
S02364,qL8EXt3POYxa,anjali.reddy364@student.edu
S02365,oUjRymQlnxrs,aditya.sharma365@student.edu
S02366,2CeJYSn31mJo,rohit.gupta366@student.edu
S02367,dh5wY5jna8o1,akhil.reddy367@student.edu
S02368,SBbXMJd1shVy,aishwarya.kumar368@student.edu
S02369,ubQm7Fwbo5tx,anand.patel369@student.edu
S02370,zFheexG0KeU2,vishnu.iyer370@student.edu
S02371,AnLXi3WGdvNH,vishnu.pillai371@student.edu
S02372,T2gxn3DxxD1C,anand.pillai372@student.edu
S02373,iHyj1ZQsJmKG,nikhil.pillai373@student.edu
S03374,MhesRPzIdEhV,akhil.kumar374@student.edu
S02375,aE0wSjDVKkDD,anjali.menon375@student.edu
S02376,s6eSfgiCzE1v,aditya.gupta376@student.edu
S02377,BNENPckvhg7X,meera.nair377@student.edu
S02378,NFhpPavR2jWb,akhil.patel378@student.edu
S02379,HOGybUVkTu7l,anand.nair379@student.edu
S02380,zZtmIBJdiJlp,anjali.gupta380@student.edu
S02381,qA6vvUdoQjdw,priya.pillai381@student.edu
S02382,BLMLQ0IgZSH4,akhil.iyer382@student.edu
S02383,kIRx20upGPKX,divya.menon383@student.edu
S02384,Ix6gGHnFtJyk,sanjay.gupta384@student.edu
S02385,Tfnrf0RsiYLd,priya.sharma385@student.edu
S02386,tPsuytqe0LFH,meera.das386@student.edu
S02387,zKolkKRjoHhC,neha.patel387@student.edu
S02388,deshF2ejYPYG,vishnu.pillai388@student.edu
S02389,wq5Khk0ijqTA,neha.gupta389@student.edu
S02390,k2FvpyKuSpOd,arjun.sharma390@student.edu
S02391,wt0CwjIGccLp,nikhil.gupta391@student.edu
S02392,1OPuErscLNKb,sneha.patel392@student.edu
S02393,pkiDYQT0tn45,sneha.sharma393@student.edu
S02394,DzdreHEJVJE7,kavya.das394@student.edu
S02395,UInbh7FXn0wM,kiran.nair395@student.edu
S02396,39tq0CHE2YsS,arjun.iyer396@student.edu
S02397,IzHzcuiukF2y,anjali.kumar397@student.edu
S04398,neo190CX5SEW,akhil.patel398@student.edu
S02399,CmA9fpz69nHs,vishnu.pillai399@student.edu
S02400,LDt8rr6r4pkF,anand.menon400@student.edu
S02401,2x0fZJP95poq,anjali.pillai401@student.edu
S02402,nY0ZtYORnKhs,kiran.kumar402@student.edu
S02403,1A4ZIO2cF0yO,aditya.sharma403@student.edu
S02404,x3ygmRJEHEZE,aishwarya.gupta404@student.edu
S02405,RByfCai4SeiD,anjali.gupta405@student.edu
S02406,GniextGocJpQ,anjali.kumar406@student.edu
S02407,bG6DvLKY74QF,kavya.nair407@student.edu
S02408,zQtS6ZGh1I0K,vishnu.menon408@student.edu
S02409,FD5UwRC2gLoV,sanjay.gupta409@student.edu
S02410,4MSFd2TBopDt,akhil.nair410@student.edu
S02411,GuFSu55SU1v3,rohit.sharma411@student.edu
S02412,lWYNGxBg2j0I,meera.patel412@student.edu
S02413,fJJqNT3iwLsb,priya.nair413@student.edu
S02414,aTGhjWTuyhEI,kavya.sharma414@student.edu
S02415,PiqO3qVxwyDK,vishnu.patel415@student.edu
S02416,Yutp2giiyeGh,neha.reddy416@student.edu
S02417,dQMcdBMUkIfe,anand.das417@student.edu
S02418,sVnCRgaLl9w4,priya.kumar418@student.edu
S02419,jXaLcM68RAEp,divya.gupta419@student.edu
S02420,dQ9hz0essNIC,nikhil.sharma420@student.edu
S02421,3kKTFL9OLZll,sneha.gupta421@student.edu
S02422,6IDEoxSjyXGd,neha.menon422@student.edu
S02423,2vPsEsSUzW4v,sanjay.iyer423@student.edu
S02424,yzfbLl7XFESz,kavya.sharma424@student.edu
S02425,NWJLHGTpVioi,anand.gupta425@student.edu
S02426,33G72lVytBOk,sanjay.menon426@student.edu
S02427,e0iGkAleGouA,rohit.patel427@student.edu
S02428,JaOqrDZpvrgH,nikhil.iyer428@student.edu
S02429,vQxiztj8GwIB,sneha.menon429@student.edu
S02430,Sajlqywyx92P,meera.nair430@student.edu
S02431,fAfgl1Ln2SKV,sneha.das431@student.edu
S02432,RKQgTJeOKYS2,nikhil.sharma432@student.edu
S05433,32GDfSD9nHdo,neha.kumar433@student.edu
S02434,KXj5M7mMiwZp,rohit.pillai434@student.edu
S02435,iHyrPJNd1mFP,sneha.reddy435@student.edu
S02436,Lm8VXeXlbbT8,sanjay.pillai436@student.edu
S02437,vD6TE8UQ8ET9,vishnu.reddy437@student.edu
S02438,o095OV3w2jqO,neha.sharma438@student.edu
S02439,AIQD0jMEe80q,meera.pillai439@student.edu
S02440,NBsjlW6jvl6O,pooja.pillai440@student.edu
S02441,Z68IHXJLZrnt,nikhil.patel441@student.edu
S02442,9nKeBrzdggAV,vishnu.sharma442@student.edu
S02443,qX0EEwRvimqy,divya.iyer443@student.edu
S02444,Rp51cn94Zb1H,rohit.pillai444@student.edu
S02445,6t0ykT1i8iBQ,rohit.reddy445@student.edu
S02446,B7WScGYmU9t3,pooja.iyer446@student.edu
S02447,VQMJPeUMyfrs,anand.sharma447@student.edu
S02448,ojc9FQLMOxTl,kiran.sharma448@student.edu
S02449,JAc29h5at65P,rohit.reddy449@student.edu
S02450,RRpKK451ZrbT,sneha.pillai450@student.edu
S02452,b3wW1CWxEZgO,sneha.sharma452@student.edu
S02453,ioPYxauLrnAt,sanjay.iyer453@student.edu
S02454,byumvB5U9cNG,sanjay.menon454@student.edu
S02455,KyIVy1kvJjKT,sneha.kumar455@student.edu
S02456,gnOhi2QqC5pS,neha.nair456@student.edu
S02457,yWTGNS2t9Zhd,sreya.nair457@student.edu
S02458,2ROGkOtPgBMo,sreya.das458@student.edu
S02459,IDG9OC4KVeA9,sanjay.iyer459@student.edu
S02460,GJN34JDNAsiL,pooja.nair460@student.edu
S02461,5yexugcV2BR8,aishwarya.nair461@student.edu
S02462,z5cJLSMWZzGf,sreya.patel462@student.edu
S02463,I3Mx1wY3vra8,kiran.iyer463@student.edu
S02464,9jiXXlBbN70o,pooja.menon464@student.edu
S02465,lIhchI1QSuWu,rohit.gupta465@student.edu
S02466,oH5g2NgZMwDE,priya.sharma466@student.edu
S02467,n6mGy1tzU0rA,vishnu.menon467@student.edu
S02468,QLmm2HjpufE1,aishwarya.iyer468@student.edu
S02469,n4yGPFQ8PWzj,kiran.gupta469@student.edu
S02470,qZukGnim83MR,aditya.menon470@student.edu
S02471,ygOwSDp1Mv3G,anjali.nair471@student.edu
S02472,lDYwaB6TmWhX,priya.nair472@student.edu
S02473,65AaJyiKK5Zf,sreya.das473@student.edu
S02474,hJoZVfLyFlh3,arjun.gupta474@student.edu
S02475,u9asivSjV4gd,neha.sharma475@student.edu
S02476,bURLemtXeBax,priya.patel476@student.edu
S02477,jfGuFkxvuBBA,sneha.patel477@student.edu
S02478,MQnRTwqUos0m,aishwarya.patel478@student.edu
S02479,6mFy7ffYNTJl,vishnu.das479@student.edu
S02480,tOu7amGdPx7C,akhil.reddy480@student.edu
S02481,K6JWKOAn5hL9,akhil.das481@student.edu
S02482,JLZeljR6Z3s9,neha.nair482@student.edu
S02483,jYbFNQQ0ehwR,pooja.nair483@student.edu
S02484,r1xTjCyhDDZ8,rohit.iyer484@student.edu
S09485,qgib4Dp8Eh4j,sneha.gupta485@student.edu
S06486,1IdxE9Ok4858,pooja.sharma486@student.edu
S02487,CqVWJVCbPS3B,sreya.kumar487@student.edu
S02488,hMMhlqwDzwA2,sanjay.pillai488@student.edu
S02489,PPUVLwTsSTJZ,akhil.nair489@student.edu
S02490,0KJGIxgvmGaL,anand.patel490@student.edu
S02491,KeWFNp6ANIRK,akhil.sharma491@student.edu
S02492,3wd51zRMSbxD,vishnu.pillai492@student.edu
S02493,bbZOURiNdYPx,pooja.iyer493@student.edu
S02494,LaQn9vpPSvCH,anjali.kumar494@student.edu
S02495,bHEPDWO0Uj5I,divya.patel495@student.edu
S04496,HaDFk86Bo9Bd,aditya.nair496@student.edu
S02497,cpwTLbtZ628a,pooja.kumar497@student.edu
S02498,iYb72DGya2Qg,kiran.patel498@student.edu
S02499,hApQ1bAkAxan,sreya.kumar499@student.edu
S02500,xMRKViuZoRzv,pooja.pillai500@student.edu
S02501,77OLdvnIdZU2,aishwarya.patel501@student.edu
S02502,MhNcy5CEAnSU,aditya.patel502@student.edu
S02503,P9BN1zCzBfyh,sneha.nair503@student.edu
S02504,rrpOYqihbH1v,sneha.nair504@student.edu
S02505,kJrHbDF6aBEG,priya.menon505@student.edu
S02506,rYWJLSPc0d2o,rahul.pillai506@student.edu
S02507,fJuxI4rGkwqF,aditya.reddy507@student.edu
S02508,CaG3D37W0zJQ,divya.kumar508@student.edu
S02509,EkR9MnoroSPL,vishnu.menon509@student.edu
S02510,FwGRm5tdzFDz,kavya.pillai510@student.edu
S02511,3v0fKnu9VprJ,priya.kumar511@student.edu
S02512,1JrUkHr3A3BA,meera.menon512@student.edu
S02513,J48gio1IaDqe,divya.sharma513@student.edu
S02514,jVomeLgmid7F,rohit.menon514@student.edu
S02515,pWtwrPf8svF9,sreya.kumar515@student.edu
S02516,AiIGSuMQ2JHY,meera.kumar516@student.edu
S02517,onzSf3NUXER0,pooja.menon517@student.edu
S02518,AFlcmQrZBiA4,rohit.gupta518@student.edu
S02519,lmsyafYRtYEt,priya.reddy519@student.edu
S02520,ViHjEfY2xjk3,sneha.kumar520@student.edu
S02521,8omunh7yxkiR,sreya.reddy521@student.edu
S02522,f5tKrXZv0A9R,rohit.sharma522@student.edu
S02523,OKYdTrfuUNg5,sanjay.menon523@student.edu
S02524,msVOmldHVU12,pooja.patel524@student.edu
S04525,D25SSeQFUer7,arjun.iyer525@student.edu
S02526,9d4XQFfT30xc,kiran.reddy526@student.edu
S02527,g3fV1ElNopFo,vishnu.nair527@student.edu
S02528,gYmQtVDnwuT4,priya.das528@student.edu
S02529,meLMe9RwgaVT,kiran.reddy529@student.edu
S02530,FUunmsVC0LGx,kavya.patel530@student.edu
S06531,P3BA2Tp3eshY,vishnu.patel531@student.edu
S02532,sJFE76Bmtq9P,aishwarya.reddy532@student.edu
S02533,1GEPKmoANHCn,kavya.menon533@student.edu
S02534,QaVMk9tf4A6Q,anjali.patel534@student.edu
S02535,DdT8uT1QMZ6B,pooja.reddy535@student.edu
S02536,Em5LXAIdlWWv,neha.pillai536@student.edu
S02537,Gmm0UnEEVvmk,rohit.patel537@student.edu
S02538,zDiDmauZ8jMd,kavya.gupta538@student.edu
S02539,Wmv1Qm0HlyYv,anjali.menon539@student.edu
S02540,XrdZKtur89r2,akhil.kumar540@student.edu
S02541,JQWYQXmFcep9,kiran.kumar541@student.edu
S02542,oClX5JjtyRV0,aishwarya.reddy542@student.edu
S02543,rvQrfxf8tqVc,nikhil.pillai543@student.edu
S04544,4ReOTKXwgsqM,kavya.gupta544@student.edu
S02545,E01HkGF5QVIO,rohit.das545@student.edu
S02546,3j1eO6X6dxWJ,nikhil.pillai546@student.edu
S02547,spaWegSsdK4X,meera.menon547@student.edu
S07548,ibzjzumRtidQ,sanjay.iyer548@student.edu
S02549,V0rYM2apdtMf,neha.iyer549@student.edu
S02550,9mwjqmUH8ZPz,aishwarya.reddy550@student.edu
S02551,zozefYC60rsv,divya.patel551@student.edu
S02552,ViGDr9sN7rkK,kavya.patel552@student.edu
S02553,pjW472TSU1s6,vishnu.reddy553@student.edu
S02554,6BzxJvUtDBXW,meera.das554@student.edu
S02555,7cgWfYv5H30l,nikhil.kumar555@student.edu
S02556,xBNScDCuRAWi,vishnu.iyer556@student.edu
S02557,e1AkDedIe3aA,rahul.patel557@student.edu
S02558,zLLeFLMxEePW,akhil.sharma558@student.edu
S02559,ar4gtLsH67f2,akhil.menon559@student.edu
S02560,jQ4Z7iji82Tp,sanjay.iyer560@student.edu
S02561,RBHgX440ZPYS,meera.das561@student.edu
S02562,GDaV2KTeiM5e,nikhil.iyer562@student.edu
S02563,UbLNA4EbaofH,sneha.nair563@student.edu
S02564,LeUTOyoMu5wJ,aditya.gupta564@student.edu
S02565,4rfaPHDb5Lfh,divya.gupta565@student.edu
S02566,ztU2W877q6cF,nikhil.das566@student.edu
S02567,a4Kmttyc4IYU,neha.menon567@student.edu
S02568,GmFT2QmQE4Cu,sanjay.iyer568@student.edu
S08569,tCiOmZzb1HIi,akhil.nair569@student.edu
S02570,7lWZD1zUA4Xl,priya.nair570@student.edu
S02571,NCvg3T884QlQ,neha.menon571@student.edu
S02572,GaL22ms67jt9,anjali.pillai572@student.edu
S02573,q6Pc5MOyAPrb,sanjay.pillai573@student.edu
S02574,Kw2QQ89WLGvR,akhil.sharma574@student.edu
S02575,LYo4Xjb3qvCT,anand.iyer575@student.edu
S02576,GAuUompWCwUI,divya.kumar576@student.edu
S02577,S7HpN6ztw6xk,akhil.gupta577@student.edu
S02578,TglExC6iObvB,nikhil.menon578@student.edu
S02579,sVVo9tl0lkXs,sreya.menon579@student.edu
S02580,75ps6ab1EmZP,rohit.kumar580@student.edu
S02581,AWqVdHjscW1V,neha.iyer581@student.edu
S02582,STq4BOVNMGD9,rahul.reddy582@student.edu
S02583,StzSB8CVwQwl,neha.nair583@student.edu
S02584,O2M7eyMhPrMt,arjun.pillai584@student.edu
S02585,d4tYc1nK8e3t,priya.menon585@student.edu
S02586,cqGf5iEJ2BE5,priya.pillai586@student.edu
S02587,hLe47TqVKTsi,rohit.menon587@student.edu
S02588,DKYMDHO9DLsm,priya.gupta588@student.edu
S02589,cdYfaAzr0kbc,aditya.pillai589@student.edu
S02590,kDbB7hmd39b4,aditya.patel590@student.edu
S02591,IoRMA3SZaDMA,kiran.iyer591@student.edu
S02592,QCDjlsN4dT2H,anand.nair592@student.edu
S02593,7Qw6pM0teAlS,anjali.iyer593@student.edu
S02594,rlWHmLsvzhkW,kavya.patel594@student.edu
S02595,CXxSiUHaj1oL,kiran.patel595@student.edu
S02596,LRTLH4WiQCFP,aditya.gupta596@student.edu
S02597,7bKbZPiZTYvQ,aishwarya.patel597@student.edu
S02598,8HA6n0wke00x,aishwarya.menon598@student.edu
S02599,ZoJrswY9hzlG,divya.pillai599@student.edu
S02600,toSbiVsyf7t2,meera.das600@student.edu
S02601,w9q0S9Zm20K9,akhil.reddy601@student.edu
S02602,2UNJ5gKonayH,pooja.iyer602@student.edu
S02603,BtQys0lkUBfF,akhil.das603@student.edu
S02604,dRJkgHwuzxmA,rohit.pillai604@student.edu
S02605,MjD5ZWEKC4YX,nikhil.menon605@student.edu
S02606,EdN0aLsTwyfm,arjun.reddy606@student.edu
S02607,sdcaRPh2MpE2,priya.kumar607@student.edu
S02608,Dtzy8SkLABtu,kavya.gupta608@student.edu
S02609,A9Xa5wkAg8Mr,aishwarya.pillai609@student.edu
S02610,43iTOoiU3nkQ,sanjay.nair610@student.edu
S02611,uZ0GHN3z18Md,anand.sharma611@student.edu
S02612,vLxLiiF7hrnD,nikhil.nair612@student.edu
S02613,Fdhthpai3RDO,rohit.pillai613@student.edu
S02614,RYESSiBm8xDR,anand.menon614@student.edu
S02615,v5ojpFDgT4k9,kavya.iyer615@student.edu
S02616,goA9uUiUNKzQ,pooja.menon616@student.edu
S02617,AlRNdxtEKKmU,kiran.das617@student.edu
S02618,3we8fRTwpQV0,pooja.kumar618@student.edu
S02619,cCVH6qrF36VX,vishnu.iyer619@student.edu
S02620,iN2xagXG6Sul,priya.das620@student.edu
S02621,TohXKipt9esg,aishwarya.nair621@student.edu
S02622,Fks3nZBggM2M,pooja.pillai622@student.edu
S09623,rCtJOLympO2g,akhil.sharma623@student.edu
S02624,lxWPLyxqgfIj,sanjay.patel624@student.edu
S02625,DJbYAVTCBbeY,neha.nair625@student.edu
S02626,D1L8pcFtEl8r,kiran.reddy626@student.edu
S02627,Z3cp5e7GBTr3,anand.sharma627@student.edu
S02628,YxmBTqD7nmBg,rohit.menon628@student.edu
S02629,eyUao8Ywa47u,arjun.reddy629@student.edu
S02630,y4B8IDn0uJ7Q,arjun.patel630@student.edu
S02631,NBZK107OVbGq,anand.gupta631@student.edu
S02632,E0YTjJrS6ObL,anand.iyer632@student.edu
S02633,YExbA7wkJVHV,rohit.sharma633@student.edu
S02634,fEqFJ2Q7DbKq,sreya.reddy634@student.edu
S02635,sU4Qy5VOzvQQ,sreya.sharma635@student.edu
S02636,vLfXM3TBhzWZ,aishwarya.pillai636@student.edu
S02637,yrUNs2kPU0gk,sneha.kumar637@student.edu
S02638,hJRqajBvjb44,pooja.iyer638@student.edu
S02639,g7Lotuek8HhL,meera.patel639@student.edu
S02640,C8XXrKAXdv4G,sreya.iyer640@student.edu
S02641,w1qzFjACcEJ7,kiran.gupta641@student.edu
S07642,u02ihCUCVviK,akhil.patel642@student.edu
S02643,TJfo17oA129I,kavya.das643@student.edu
S08644,yNCx530gXTE8,kavya.patel644@student.edu
S02645,LgxXBFWv2dRo,anand.nair645@student.edu
S02646,AgCAlwIAKe8b,rahul.iyer646@student.edu
S02647,GW6rADF7YNxp,meera.gupta647@student.edu
S02648,fnOyvVBYqtF5,pooja.iyer648@student.edu
S02649,AOGsJ6TFLlhB,divya.pillai649@student.edu
S02650,CK90igaX9K9k,neha.das650@student.edu
S02651,p3gjVgYqnavc,kiran.pillai651@student.edu
S02652,RVxKztvcoMCl,arjun.reddy652@student.edu
S02653,NmuKKsXNqwMT,neha.gupta653@student.edu
S02654,kD6vzqogIcZ4,aishwarya.sharma654@student.edu
S02655,LXY9pLmLGvVS,arjun.reddy655@student.edu
S02656,he1Hd0Iwoui0,sanjay.kumar656@student.edu
S02657,LCFzKLsIbQoC,anand.menon657@student.edu
S05658,wVdRkuzXqxcR,sneha.menon658@student.edu
S02659,uZAl58jGcVeF,aishwarya.kumar659@student.edu
S02660,P1OnGYPMZC1g,neha.gupta660@student.edu
S02661,j3Ptu31LvYEz,meera.nair661@student.edu
S02662,1Ia63Ui5dc1l,divya.kumar662@student.edu
S02663,ixHR6H9zcTae,meera.menon663@student.edu
S02664,wkSJV3V7tMAG,meera.pillai664@student.edu
S02665,xt18RuUgZF7G,sreya.das665@student.edu
S02666,2A6PLtMVJ4RJ,kavya.gupta666@student.edu
S02667,fHyxDCMr0UcJ,sneha.kumar667@student.edu
S02668,IWUtWAWzFAtH,kavya.reddy668@student.edu
S02669,42Z4mN9cx0CL,vishnu.nair669@student.edu
S02670,p0nu8ZWUFIqV,divya.sharma670@student.edu
S02671,gKl8Af7CH1wC,pooja.pillai671@student.edu
S02672,wz3t5IEeUZMa,aishwarya.sharma672@student.edu
S02673,ycqO6OYcUby9,meera.pillai673@student.edu
S02674,mUJpwXr4lwVs,anand.pillai674@student.edu
S02675,DSTcJCJx13EL,arjun.pillai675@student.edu
S02676,wASUvXRl2zbK,sanjay.nair676@student.edu
S02677,IiaSaR8RMCmE,kavya.menon677@student.edu
S02678,8BpHPMtM9IwY,sreya.menon678@student.edu
S02679,F9kTU2SvSflD,sreya.patel679@student.edu
S02680,jPg93sZC6dF9,pooja.gupta680@student.edu
S02681,G6Urv96ssqsV,arjun.iyer681@student.edu
S02682,tBjyA12RKORf,anjali.das682@student.edu
S02683,Rp8qa1Y4tZHf,akhil.das683@student.edu
S02684,byKvvZEA5OvS,sneha.das684@student.edu
S02685,qyz6CnO7Oz0t,aishwarya.patel685@student.edu
S02686,JvKSNM2bkDvo,akhil.iyer686@student.edu
S02687,8Pd59RYQCXC1,kavya.das687@student.edu
S02688,nuntrxh1daAe,nikhil.pillai688@student.edu
S02689,3tJmk8ot5Rg7,sanjay.iyer689@student.edu
S02690,95haHOOajI9g,akhil.gupta690@student.edu
S02691,EYfv03BpeAcA,sreya.das691@student.edu
S07692,Zax5uMDn4jJq,sreya.gupta692@student.edu
S02693,5zbduqN0Cqzp,sreya.gupta693@student.edu
S02694,5sX2DNDPRXJy,kavya.sharma694@student.edu
S02695,n6Orw7rhlw0q,kiran.iyer695@student.edu
S02696,PlZVVMfojgDF,neha.menon696@student.edu
S02697,xhaJlQny1RAA,sreya.das697@student.edu
S02698,XVLJPgPTpbsj,rahul.pillai698@student.edu
S02699,7vZPYjzjHrGD,kavya.iyer699@student.edu
S02700,FgPzdkKPY6Xk,priya.iyer700@student.edu
S02701,LUKsiiGhOrDN,divya.kumar701@student.edu
S02702,V5UIeGbmCFLd,sneha.das702@student.edu
S02703,S2OfmT98dzH5,aditya.gupta703@student.edu
S02704,QoRcjmAcGOD9,neha.menon704@student.edu
S02705,IYthDhikpPW4,meera.nair705@student.edu
S02706,QEaNFHIhDuqn,anjali.das706@student.edu
S02707,FQLKfcW4oshM,aditya.sharma707@student.edu
S02708,viqtGyxX1kb8,aishwarya.nair708@student.edu
S02709,YDWKsmX5sRF4,anand.reddy709@student.edu
S02710,rXHKaQBhQ9AT,aishwarya.das710@student.edu
S02711,TQH8f39ZZACH,nikhil.gupta711@student.edu
S02713,40Ff6Zd8ht21,rahul.iyer713@student.edu
S02714,mVpzQu1tt4Xe,aishwarya.patel714@student.edu
S02715,rSN0TijxfGR2,arjun.nair715@student.edu
S02716,cWx8mMR0j5kV,anand.nair716@student.edu
S02717,hGf8Zg6dS1vO,priya.das717@student.edu
S02718,iv8xSZ7wzSkV,arjun.pillai718@student.edu
S02719,cXvwjLNWicwB,akhil.patel719@student.edu
S03720,FAIZuPB1jXDJ,neha.patel720@student.edu
S02721,GLR3XPFifgah,rahul.pillai721@student.edu
S02722,dpYEaCOtLDSa,priya.gupta722@student.edu
S02723,KAUoRcVZ1WkN,meera.sharma723@student.edu
S02724,5srKMHLR9K4P,anjali.gupta724@student.edu
S02725,KX2F6RxX02Uy,kavya.menon725@student.edu
S02726,OkI7jGge1sUa,akhil.pillai726@student.edu
S02727,kteaNxpboaOs,rahul.gupta727@student.edu
S02728,OhzHG59zhEjd,aishwarya.menon728@student.edu
S02729,LjB8dn9edFzO,arjun.gupta729@student.edu
S02730,DzoK24TBFmfQ,anjali.iyer730@student.edu
S02731,83YSfFqO2EgY,sreya.iyer731@student.edu
S02732,jlXevCfZT5vE,rahul.reddy732@student.edu
S02733,gCtPbIN5SXbO,akhil.sharma733@student.edu
S02734,4nJJO5Mrbdtq,divya.das734@student.edu
S02735,2i8sA5ZLe5Q2,kiran.gupta735@student.edu
S02736,nujlvHOcG8Cj,sreya.kumar736@student.edu
S02737,XtT3mGZ5hiJB,kavya.kumar737@student.edu
S02738,Fay9PpguL7DQ,aishwarya.sharma738@student.edu
S02739,9Ihk1oSgRroM,pooja.patel739@student.edu
S02740,vZCMhIr06M1i,aishwarya.reddy740@student.edu
S02741,M7jPibSoFapv,aditya.iyer741@student.edu
S02742,kIL8DrN0cYft,aishwarya.kumar742@student.edu
S02743,eFamq2oWNZcI,aishwarya.menon743@student.edu
S02744,yabpqaTs3VJo,priya.pillai744@student.edu
S02745,zLJtnMpuSThz,rahul.nair745@student.edu
S02746,vpcnPJ0x5DfR,aditya.nair746@student.edu
S02747,qPgwX8O3d1mH,neha.gupta747@student.edu
S02748,ZPzGlDu83Wbe,vishnu.menon748@student.edu
S02749,dwLC9DSJD90S,meera.nair749@student.edu
S02750,Zg5AwQtxebjt,akhil.das750@student.edu
S02751,2D6iBm1ei728,akhil.gupta751@student.edu
S02752,l6CDu2pdi6cs,rahul.iyer752@student.edu
S02753,dpDaxn4T7ujE,akhil.reddy753@student.edu
S02754,37eegoNBCIsX,meera.menon754@student.edu
S02755,3xIo3Kz2h9sl,sneha.gupta755@student.edu
S02756,7oNhxpbIxqmS,divya.kumar756@student.edu
S02757,QiVBKSNecCIp,vishnu.nair757@student.edu
S02758,v7Z5fuZe4RsF,divya.kumar758@student.edu
S02759,km1To3KJWbVH,kavya.das759@student.edu
S02760,JkMjhS1CUubr,akhil.das760@student.edu
S02762,bowXCQGWmOHy,vishnu.iyer762@student.edu
S02763,RjzVMdBc9dlw,anjali.nair763@student.edu
S02764,NU3OZB6C2uUd,sneha.nair764@student.edu
S02765,omMKxqpjzYkZ,rahul.menon765@student.edu
S02766,H1yqcyFml1Ft,anand.reddy766@student.edu
S02767,kLoSb9GaNQYn,aishwarya.pillai767@student.edu
S02768,2NDyf2W04kCB,kiran.sharma768@student.edu
S02769,COeKDAZgxZS1,aditya.kumar769@student.edu
S02770,K1ZY4reStd5R,arjun.das770@student.edu
S02771,Wl26XCOXyD1u,meera.kumar771@student.edu
S02772,V3FiQjwPSvuo,divya.reddy772@student.edu
S02773,zNm8WCU2oCbf,kiran.reddy773@student.edu
S02774,YcL1Li6IKSoy,rahul.gupta774@student.edu
S02775,c3BvywMe3SkT,anand.reddy775@student.edu
S02776,miptawyShRuf,vishnu.kumar776@student.edu
S02777,mwdowlx5w0VD,vishnu.das777@student.edu
S02778,9DrDbJoj9ixg,rahul.gupta778@student.edu
S02779,XWndyILZjU7U,anjali.das779@student.edu
S02780,B6tPP3GqDkqi,aditya.kumar780@student.edu
S02781,afxrM9KH1Tmb,rohit.sharma781@student.edu
S02782,MJkQmfibQiu6,sneha.sharma782@student.edu
S02783,NAfPkXNKOXYU,rohit.gupta783@student.edu
S02784,jJtbGana76Wc,nikhil.reddy784@student.edu
S02785,3codsiNU8HB7,nikhil.patel785@student.edu
S02786,eBmHD3tRNuIC,akhil.patel786@student.edu
S02787,tWklI7NwPoIT,rahul.das787@student.edu
S02788,lvjcEBBm7KA7,pooja.patel788@student.edu
S02789,SRwUMYb41XN9,aditya.kumar789@student.edu
S02790,xZ4dpcJTk8Fa,nikhil.patel790@student.edu
S02791,9k5abG9Aykud,rahul.patel791@student.edu
S02792,TnfRJ4m7Yb8S,aishwarya.patel792@student.edu
S02793,IeYHWBwfjoYI,divya.nair793@student.edu
S02794,sDvKSmGoWzOB,aishwarya.reddy794@student.edu
S02795,JxR8vKHXtzPU,sanjay.reddy795@student.edu
S02796,quRARRDAxWOV,nikhil.iyer796@student.edu
S02797,ntpS0BPNmY4K,arjun.nair797@student.edu
S02798,wHIS7hl5LDdN,aditya.reddy798@student.edu
S02799,WGVdVp3czYNZ,rohit.iyer799@student.edu
S02800,QAXQUFanu32F,neha.pillai800@student.edu
S02801,PMfBuxoiqPLG,sanjay.sharma801@student.edu
S02802,wCEhP2bQBrT4,kavya.kumar802@student.edu
S02803,dbcNGvsGicQY,sneha.nair803@student.edu
S02804,zQAPFzEJ1rjO,kiran.patel804@student.edu
S02805,e39vJonRPDYF,divya.nair805@student.edu
S08806,rRGukD4Zc4xA,rahul.kumar806@student.edu
S02807,2FJ9I0dvH9oh,anjali.gupta807@student.edu
S02808,V4AFk2zGTFLq,divya.sharma808@student.edu
S02809,GS8LvDlwivc9,anjali.menon809@student.edu
S02810,1XLd0foymgj3,sreya.iyer810@student.edu
S05811,URIVViGu3Mon,sneha.gupta811@student.edu
S02812,4hJWPyxqWV0i,meera.iyer812@student.edu
S02813,cdaOFDBVbKct,arjun.kumar813@student.edu
S02814,MTmci3VM4I0Q,sneha.iyer814@student.edu
S06815,1sKP6LyijXm4,divya.patel815@student.edu
S02816,xyg0POjWB7PK,aditya.gupta816@student.edu
S02817,TyA11s2AIcDy,anand.gupta817@student.edu
S02818,fkBLPEwHzIi9,priya.menon818@student.edu
S02819,19YPEPKOFxN8,vishnu.patel819@student.edu
S02820,dVFLyktXbIXv,aditya.pillai820@student.edu
S02821,nKEHBCjo7cpw,rohit.pillai821@student.edu
S02822,cx8ZVH2oJ961,kiran.iyer822@student.edu
S02823,2YmSWElnZ0Gd,nikhil.sharma823@student.edu
S02824,rVJ9upUPe0RM,anand.iyer824@student.edu
S02825,c9RB6dmFMnYn,priya.reddy825@student.edu
S02826,5aEiRBFzEQJ5,aishwarya.menon826@student.edu
S02827,SvdvtCjjhj9V,neha.pillai827@student.edu
S02828,dPWzgXl2r6r1,aditya.reddy828@student.edu
S02829,EivjjDmx0pEu,vishnu.pillai829@student.edu
S02831,6VvNKPeoBtuM,rahul.nair831@student.edu
S02832,VpKsHW68mtPm,kiran.das832@student.edu
S02833,JHRnCg6pUIi6,anjali.reddy833@student.edu
S05834,ehCA1boLimR9,arjun.kumar834@student.edu
S02835,Mt8Pvgvun1q8,kavya.iyer835@student.edu
S02836,1iq1CmFMJEou,rohit.nair836@student.edu
S02837,SLh168dLw87S,nikhil.sharma837@student.edu
S02838,NJ7e2r3BgWo3,anjali.sharma838@student.edu
S02839,RxvwyH3q1Gip,divya.nair839@student.edu
S02840,hmNDKssItzc1,kiran.menon840@student.edu
S02841,qBF3BcHlZ9eg,kiran.pillai841@student.edu
S02842,fvNYXSw8BOhu,arjun.gupta842@student.edu
S02843,kp9CYHhpoEnD,rahul.patel843@student.edu
S02844,aYJQB7cWIyHZ,pooja.kumar844@student.edu
S02845,UKh6rYoAW5yD,priya.gupta845@student.edu
S02846,Pbv3O6QUtsBI,rahul.menon846@student.edu
S02847,RbbmzoKIx1Ip,meera.gupta847@student.edu
S02848,EmAIlfyR4U86,vishnu.menon848@student.edu
S02849,jwIKEmOIvbxI,priya.reddy849@student.edu
S02850,lvDw0SP8PTn1,anand.reddy850@student.edu
S02851,JpYDSSb9AB6o,meera.nair851@student.edu
S02852,Nu0Kfupd7epS,kiran.gupta852@student.edu
S02853,ITAw85I3ktJR,neha.pillai853@student.edu
S02854,CA1OFsTSZySa,akhil.nair854@student.edu
S02855,u6OPVlMd9Z0b,akhil.iyer855@student.edu
S02856,vwjonYXfmptu,nikhil.pillai856@student.edu
S02857,AcisgU4kJayq,kavya.kumar857@student.edu
S02858,kJgn0YkaFlxs,aditya.pillai858@student.edu
S02859,ICnvNL9ZjvgN,aishwarya.pillai859@student.edu
S02860,11QsQ1jcfOGu,arjun.das860@student.edu
S02861,RboIt8Q0Oq61,anand.kumar861@student.edu
S02862,8l8TPoNmF0Nk,aditya.sharma862@student.edu
S02863,G7ZGbmF1Qeeb,pooja.reddy863@student.edu
S02864,uUOajXL69tHk,kavya.reddy864@student.edu
S02865,3uEqRaoInY7Q,anjali.sharma865@student.edu
S02866,AbhG4jhbSUxl,vishnu.pillai866@student.edu
S02867,uvGUG5vIVBjY,pooja.menon867@student.edu
S02868,OKAobsy2cKY0,aishwarya.das868@student.edu
S02869,pt1EHUKVWpbJ,sanjay.reddy869@student.edu
S02870,nDoiV92WlfHk,anjali.iyer870@student.edu
S02871,8nOuNyyhtHWN,anjali.kumar871@student.edu
S02872,3nmBnSbVgmkp,pooja.pillai872@student.edu
S02873,iPdBl3sdyDuw,rohit.menon873@student.edu
S02874,5oJ8ANrqKkW0,arjun.nair874@student.edu
S02875,VJn2oiBB3n5j,sneha.patel875@student.edu
S02876,TFIX3AWn1Ttt,kavya.das876@student.edu
S02877,hl9Oj4t6HCQV,pooja.sharma877@student.edu
S02878,j0JyFQSkrumV,nikhil.kumar878@student.edu
S02879,4TI9uHLHD74i,rohit.gupta879@student.edu
S02880,gAfkNVcVHjwF,kavya.pillai880@student.edu
S02881,GitODhXuEQOW,neha.pillai881@student.edu
S02882,EOC5LTQmJYpG,aishwarya.pillai882@student.edu
S02883,lJ90UIKC2mYF,sanjay.nair883@student.edu
S02884,URIG9qelSZAD,aditya.das884@student.edu
S02885,nmWFcFpWiDby,kavya.das885@student.edu
S02886,uilsAt751AhC,sanjay.das886@student.edu
S02887,mEI06KnZWIdV,anjali.kumar887@student.edu
S02888,NPuJo4rnXI0t,rohit.das888@student.edu
S02889,hJwxSsRdOZnx,kiran.iyer889@student.edu
S02890,WeZD0u0kZaEf,sanjay.gupta890@student.edu
S02891,uivKykm6PYfi,divya.pillai891@student.edu
S02892,VnSdQRlawLNl,rahul.kumar892@student.edu
S02893,vwwVknPb4uvK,arjun.patel893@student.edu
S02894,0aZhDkoybvW4,rohit.iyer894@student.edu
S02895,vgWqsjIsKAgx,sreya.patel895@student.edu
S02896,UPUBqqSErkGf,akhil.pillai896@student.edu
S02897,N5bBBskK9CdC,neha.patel897@student.edu
S02898,zXptfSb3ChzV,akhil.gupta898@student.edu
S02899,lo59J8MD4Cmi,rahul.das899@student.edu
S02900,XvCB9kbxqHL9,rahul.sharma900@student.edu
S02901,kZojTnxOIsSe,kiran.nair901@student.edu
S02902,gwglVCO64GKU,sneha.reddy902@student.edu
S02903,ZSDkw5TdSOvB,anand.iyer903@student.edu
S02904,X9Ry5QpGN80p,anand.kumar904@student.edu
S02905,o8PaQp4O7I72,rohit.patel905@student.edu
S02906,iggJZt36iTnn,sreya.gupta906@student.edu
S02907,I25XN7Rc8Zuc,vishnu.patel907@student.edu
S02908,OMkNCyhHNhkd,sanjay.menon908@student.edu
S02909,k4WZS8uO6sd1,priya.reddy909@student.edu
S02910,XPAGbwchnAHY,akhil.patel910@student.edu
S02911,AlWuigPvAweZ,nikhil.sharma911@student.edu
S02912,y2oVtjccMwbA,aishwarya.iyer912@student.edu
S02913,TNt37AKCrN4K,anjali.gupta913@student.edu
S02914,0mR7BmnHocpD,aditya.kumar914@student.edu
S02915,u3Tcmib44kSc,neha.kumar915@student.edu
S02916,PqT0if58PW47,rohit.sharma916@student.edu
S02917,Vv5ZWC21W13F,anand.sharma917@student.edu
S02918,tJxMTOnx2ZwL,kiran.kumar918@student.edu
S02919,GwTOXZB4GQwb,neha.patel919@student.edu
S02920,T4sAuXBPcEe0,sanjay.sharma920@student.edu
S02921,qvlfFDan8EZY,sneha.patel921@student.edu
S02922,9ranS7iT9Uni,pooja.das922@student.edu
S02923,GlyUOOhVCry0,akhil.patel923@student.edu
S02924,6a9UxTSrZvAh,kavya.gupta924@student.edu
S02925,in0563WewYDz,pooja.nair925@student.edu
S02926,kXJ4qZZYaaMK,akhil.das926@student.edu
S02927,yzY9s41rBqb1,akhil.nair927@student.edu
S02928,ekyNY9Y2TF14,aishwarya.sharma928@student.edu
S02929,mbdF7xYhQ0vs,aishwarya.das929@student.edu
S02930,FG5KF4QxLgQo,vishnu.iyer930@student.edu
S02931,bCkjv1gNPm9l,aditya.pillai931@student.edu
S02932,qsm57sgrEpnP,akhil.reddy932@student.edu
S02933,ZGUCpswP6ttp,sneha.nair933@student.edu
S02934,HaWSkCOpONVf,rohit.reddy934@student.edu
S02935,m1J2ouTitsva,sneha.pillai935@student.edu
S02936,iLu7LNEtzfvk,vishnu.iyer936@student.edu
S02937,rUyJTMyoDnpE,sreya.menon937@student.edu
S02938,72xEbTuMG6Cn,kavya.patel938@student.edu
S02939,7xUlyvm7dQXC,vishnu.das939@student.edu
S02940,ZWcGrqT8peN3,rohit.menon940@student.edu
S02941,dgfejDnp4iMB,sreya.patel941@student.edu
S02942,XqiIWShPDQZr,priya.pillai942@student.edu
S02943,T9qWevQp17yD,anjali.nair943@student.edu
S02944,KvzM2Vnyh4L8,priya.kumar944@student.edu
S02945,qTedKtJVGpsN,akhil.gupta945@student.edu
S02946,0AE6QXQ6EpEu,vishnu.nair946@student.edu
S02947,EAR1mzdw9b19,nikhil.das947@student.edu
S02948,xwTPhhtB8ymU,aishwarya.patel948@student.edu
S02949,7jzn7K8IPPJi,akhil.das949@student.edu
S02950,hSd2GL7KJIHq,neha.gupta950@student.edu
S02951,mfcUbq8ZhOg0,anjali.reddy951@student.edu
S02952,uJa1ufavljtl,anjali.das952@student.edu
S02953,ogc1lBkDoV5y,aishwarya.iyer953@student.edu
S02954,IiHC3JMA0uct,meera.reddy954@student.edu
S02955,s06UIu4lXCsk,akhil.sharma955@student.edu
S02956,lANrxjRKAs7O,aishwarya.sharma956@student.edu
S02957,NGVcG34OnsRm,nikhil.patel957@student.edu
S02958,TnsNX7OqlXwh,anjali.patel958@student.edu
S02959,dOo7jN4qKwFa,nikhil.menon959@student.edu
S02960,rDSNrGWyqUGx,rahul.patel960@student.edu
S02961,mScbb5YZFzqP,arjun.kumar961@student.edu
S02962,68bLf6KxTBU8,anjali.kumar962@student.edu
S02963,euPL3GtK9DWw,rahul.pillai963@student.edu
S02964,OIooRllhY4OC,sneha.kumar964@student.edu
S02965,1OiJpG8awdkE,sneha.nair965@student.edu
S02966,ZnpT1G9J0XN0,akhil.pillai966@student.edu
S05967,30iPpcnfq2Iy,akhil.pillai967@student.edu
S02968,vQlQmjXtrFVM,kiran.kumar968@student.edu
S04969,vDsOfreEWhAM,vishnu.patel969@student.edu
S02970,Zlv3gFXRkLtw,sanjay.kumar970@student.edu
S02971,XHmBUKiq9xWf,akhil.gupta971@student.edu
S03972,yQXjgAu277aI,rohit.patel972@student.edu
S02973,UuOPkLH8gQMB,meera.reddy973@student.edu
S02974,bmZdkBlGKc8x,neha.sharma974@student.edu
S02975,xksADoEOEUXm,aishwarya.kumar975@student.edu
S02976,EPosZEyrSrY8,sanjay.pillai976@student.edu
S02977,zS55TnqPttkV,meera.iyer977@student.edu
S02978,OcbaDaYGGJBn,kavya.sharma978@student.edu
S02979,s90590kLuUPO,aditya.iyer979@student.edu
S02980,klq002sGGU87,neha.patel980@student.edu
S02981,zjQjam1DYEwQ,arjun.gupta981@student.edu
S02982,9YPFkC5vCee8,anjali.das982@student.edu
S02983,9EFyUlPMFtur,priya.das983@student.edu
S02984,vFCdiQf7Gk6m,rahul.menon984@student.edu
S02985,LZ1P5LjbdHcP,priya.iyer985@student.edu
S02986,odIEyK86291R,vishnu.iyer986@student.edu
S02987,8QazEqOIpyQT,sanjay.reddy987@student.edu
S02988,QQxg2MwjygBg,sanjay.kumar988@student.edu
S02989,HLCfTT2MgpRd,meera.patel989@student.edu
S02990,5Bu3XH3Tmdw5,rohit.kumar990@student.edu
S02991,l8XDbb6kFaS4,akhil.iyer991@student.edu
S02992,HPjoQ9zZ07zL,rohit.patel992@student.edu
S02993,sCneHXSz2pos,divya.reddy993@student.edu
S02994,ihD5zNgKXZ60,rohit.iyer994@student.edu
S02995,lSwwH2fpvh6U,sreya.sharma995@student.edu
S02996,PQ25SEugGfrK,divya.reddy996@student.edu
S02997,kJmgujOrRb5c,aditya.menon997@student.edu
S02998,aJWgtEzlj5z9,rohit.nair998@student.edu
S07999,5koUkFMW6TEK,rahul.iyer999@student.edu
S03000,FsAOFLf3u59a,kavya.patel000@student.edu
S03001,RhG4bDcKr6vo,sanjay.iyer001@student.edu
S03002,nz2VJLW7t6e2,rohit.nair002@student.edu
S03003,ZrUkFEn1CZL2,akhil.iyer003@student.edu
S03004,VjcLpGBB5OQB,nikhil.patel004@student.edu
S03005,mXnV51rRqFe4,pooja.kumar005@student.edu
S03006,92RzuAHy9KxN,rahul.sharma006@student.edu
S03007,ARXOP0TNd8aA,priya.kumar007@student.edu
S03008,OIqwDpE0cVGE,akhil.das008@student.edu
S03009,8amRyiLGiR17,anand.kumar009@student.edu
S03010,bmTC3uc1nE27,rohit.kumar010@student.edu
S03011,rnPHZAjx6NtT,aishwarya.sharma011@student.edu
S03012,GQkA3ySYXKrz,anand.gupta012@student.edu
S03013,DzjBouY7lepS,anand.nair013@student.edu
S03014,9LsJocXm5au8,vishnu.das014@student.edu
S03015,MiKJEuF1wi9T,aishwarya.menon015@student.edu
S03016,odWWaJUCDuga,kiran.patel016@student.edu
S03017,7ejgIachPbif,rahul.iyer017@student.edu
S03018,HcZDTaLaO6jx,sneha.gupta018@student.edu
S03019,Ij0Q6Ekjyxmm,aditya.nair019@student.edu
S03020,fS0JafNjAVNh,sreya.sharma020@student.edu
S03021,scqGI7GTvTI8,kiran.sharma021@student.edu
S03022,kqBwPHvW35TO,anjali.nair022@student.edu
S03023,56PjiWPcwh4d,aditya.kumar023@student.edu
S03024,IpxKOPBzVWlz,nikhil.nair024@student.edu
S03025,WgGDG6w5xip9,anjali.reddy025@student.edu
S03026,JQ46CUKSl9F9,anand.das026@student.edu
S03027,vTo3OgW1fqrL,akhil.kumar027@student.edu
S03028,Ek21MxZ5hUqv,neha.nair028@student.edu
S03029,DyHbp4oe1bgs,nikhil.kumar029@student.edu
S03030,e9wl6pHGMBiv,nikhil.kumar030@student.edu
S03031,6Uq0IrzDo7fh,neha.nair031@student.edu
S03032,syvraYNpFS7O,nikhil.menon032@student.edu
S03033,XZZvFjeSIeYp,meera.kumar033@student.edu
S03034,CV0CI2GqxxSl,anand.nair034@student.edu
S03035,Wgoe6cn0LG2i,vishnu.das035@student.edu
S03036,TRowwzxgid6f,vishnu.gupta036@student.edu
S03037,y2wDefsDndTM,priya.patel037@student.edu
S03038,WQthD2kZY1zr,kiran.patel038@student.edu
S03039,rtrvpg5kGAvg,kiran.iyer039@student.edu
S03040,HKD0lMdhoC4B,divya.patel040@student.edu
S03041,V0h6TA7OGk41,divya.das041@student.edu
S03042,nbbVAuC3lZ95,arjun.sharma042@student.edu
S03043,VMMB3Oh38itO,rahul.iyer043@student.edu
S03044,Jz3eexMHnjKB,sreya.reddy044@student.edu
S03045,bZpYO9jvymFk,vishnu.pillai045@student.edu
S03046,xOH0ceGUNBNc,sanjay.sharma046@student.edu
S03047,Zg73tR77sCih,anand.kumar047@student.edu
S03048,1KRbwGmPpcA4,divya.das048@student.edu
S03049,KH3e7jyifcDF,neha.pillai049@student.edu
S03050,oEQAAzS1w5Xr,rohit.das050@student.edu
S07051,wUpgAHCUTrne,priya.das051@student.edu
S03052,OdWG7H2qJUZy,arjun.iyer052@student.edu
S03053,U51nuq1u7dbY,pooja.menon053@student.edu
S03054,qFXHNixpuBiJ,sreya.gupta054@student.edu
S03055,DfuzWwJQDI4u,rahul.kumar055@student.edu
S03056,bQfTWP14yN6G,divya.gupta056@student.edu
S03057,v56ETzkILL7M,nikhil.sharma057@student.edu
S09058,fPci2HEydlvm,aditya.menon058@student.edu
S03059,dWO8RZu6mqkz,divya.menon059@student.edu
S03060,kcgsF1goZRKg,aishwarya.sharma060@student.edu
S03061,R0wtQQI6tN4b,meera.reddy061@student.edu
S03062,jvLQixOsZFkP,akhil.pillai062@student.edu
S03063,AWGI04V0caMo,aditya.gupta063@student.edu
S03064,CcMzzvtDUOHi,kiran.nair064@student.edu
S03065,Iu5NQX2stbvU,sreya.patel065@student.edu
S03066,epGCGJGDGhj0,pooja.pillai066@student.edu
S03067,03BHK9oJ00W0,aishwarya.pillai067@student.edu
S03068,huSOVBVQDr0h,aishwarya.menon068@student.edu
S03069,EaSIfDxviE4s,nikhil.gupta069@student.edu
S03070,9xgJ9lRcUGnC,aishwarya.pillai070@student.edu
S03071,0lmiZh3pWJ6o,vishnu.kumar071@student.edu
S03072,jNZxDV3Csvoj,sreya.reddy072@student.edu
S03073,f0KeVBh7qUb0,meera.gupta073@student.edu
S03074,oW4FfjAzqFTV,kavya.menon074@student.edu
S03075,TuD1qMsQH3UL,rohit.sharma075@student.edu
S03076,V1Orc8ZXwFgD,vishnu.das076@student.edu
S03077,0lVyjxhPl838,rohit.sharma077@student.edu
S03078,M5Op92ocYyGc,sanjay.nair078@student.edu
S03079,Tgcb6HY7rAuD,aditya.iyer079@student.edu
S03080,yZEmcsZJ5NEn,priya.reddy080@student.edu
S03081,3uBR35Jdv3ob,anjali.sharma081@student.edu
S03082,kNgvPMzQdBD1,akhil.patel082@student.edu
S03083,eVUly5fnkjXu,aditya.gupta083@student.edu
S03084,JnXvnylNvo3i,arjun.pillai084@student.edu
S03085,aXvO5GAdtL9Q,neha.patel085@student.edu
S03086,drSnC3a7E8Vt,sneha.pillai086@student.edu
S03087,YVk1EKB3VhhK,vishnu.sharma087@student.edu
S03088,CCC26d3FOhPg,arjun.das088@student.edu
S03089,Y2RUvg7ip3GF,anjali.patel089@student.edu
S03090,mF2AtlLRyiM3,kiran.kumar090@student.edu
S03091,N9mKIgPjHdFL,pooja.nair091@student.edu
S03092,e5V8lXycWk9D,anjali.reddy092@student.edu
S03093,UevK5FILBj5I,sanjay.iyer093@student.edu
S03094,rYpgE32TfZ3l,sreya.patel094@student.edu
S03095,ZM6YQYxNYEaj,divya.pillai095@student.edu
S03096,KCx551Fsv7MD,aditya.patel096@student.edu
S03097,nrBEBlDeJhbB,rahul.pillai097@student.edu
S03098,OdOcuY9sRj7W,sanjay.kumar098@student.edu
S03099,bz0KhePvxPp0,aishwarya.kumar099@student.edu
S03100,yfJq11h72fTQ,sneha.gupta100@student.edu
S03101,epCGrgHsrSHP,kavya.gupta101@student.edu
S03102,otX9pK6jmY2n,kavya.patel102@student.edu
S03103,2SKMBin11zww,pooja.pillai103@student.edu
S03104,OfjBcKbCePDq,sneha.gupta104@student.edu
S03105,xTTPI2tA8dOz,priya.gupta105@student.edu
S04106,VCbFdDd9cnxn,sneha.patel106@student.edu
S03107,wvhWupSMg5Kk,sreya.sharma107@student.edu
S03108,eZGtstsVKYdn,arjun.reddy108@student.edu
S03109,U02H08JdYLfO,rahul.pillai109@student.edu
S03110,DQP1i06MK0a0,rahul.kumar110@student.edu
S03111,7ua2M6EPla3d,vishnu.menon111@student.edu
S03112,AcWfLFrdLZmR,anjali.kumar112@student.edu
S03113,doPqQqzetIqr,priya.sharma113@student.edu
S03114,nL9si5I5hZ1H,neha.kumar114@student.edu
S03115,5eQKVgn3pseM,aditya.sharma115@student.edu
S03116,RvYMuvVLaOZD,akhil.reddy116@student.edu
S03117,uWFXSIwN6s5k,vishnu.pillai117@student.edu
S03118,UsVSh43i4kt7,sreya.kumar118@student.edu
S04119,ePDU7e2LKUhc,sneha.kumar119@student.edu
S03120,GqVuLj9zLt3A,kiran.pillai120@student.edu
S03121,HJwmu8kZvMEj,vishnu.pillai121@student.edu
S03122,COqXJWLLqzRO,rahul.menon122@student.edu
S03123,X17S85DIE8b0,pooja.patel123@student.edu
S03124,pH2Cc1c70ScL,sneha.reddy124@student.edu
S03125,ovjgq3ikHjGY,anjali.nair125@student.edu
S03126,s3F5geiVHYv3,divya.nair126@student.edu
S03127,eEh6zr3j2RsS,aishwarya.das127@student.edu
S03128,6U52htDqNfpE,anjali.pillai128@student.edu
S03129,szDo4PtBIwja,anand.gupta129@student.edu
S03130,ZTwuY7e9IdBe,anjali.nair130@student.edu
S03131,1ZfBRXisdDcJ,arjun.das131@student.edu
S03132,7h4bwPQZQjUZ,akhil.menon132@student.edu
S03133,aoHHG60gmHPv,sanjay.menon133@student.edu
S03134,YuVlrUXtbWzx,priya.gupta134@student.edu
S03135,ZGFwhxwcU3Dt,sreya.iyer135@student.edu
S03136,paEH1w6HKDYb,arjun.menon136@student.edu
S03137,1aYTjt1Gyg0j,sreya.pillai137@student.edu
S03138,adQP57TMMGy9,meera.gupta138@student.edu
S03139,pUD2ni66TV4q,rohit.sharma139@student.edu
S03140,utyS6aYUgsbY,kavya.iyer140@student.edu
S03141,c4KKh5JRW6Vj,vishnu.menon141@student.edu
S03142,2718kfpJEpTA,aditya.pillai142@student.edu
S03143,R5niOQ4lCRYR,anjali.pillai143@student.edu
S03144,8UC2Rr0oknvE,arjun.patel144@student.edu
S03145,e41q38pTnYBa,priya.sharma145@student.edu
S03146,bDOEmYMclIqP,sreya.pillai146@student.edu
S03147,3a9ZAxdHR1OB,aditya.gupta147@student.edu
S03148,cStc1TPhwYrr,sreya.pillai148@student.edu
S03149,naI4iwn56guf,rohit.das149@student.edu
S03150,ywKV8NIoU007,neha.gupta150@student.edu
S03151,rvzC3ettgz6f,divya.sharma151@student.edu
S07152,DAena75KHtmt,meera.iyer152@student.edu
S03153,fwBnVl6fzw5P,sanjay.iyer153@student.edu
S03154,URsWVl4h4kIq,neha.gupta154@student.edu
S03155,C5jda3dF9e3t,kavya.das155@student.edu
S03156,pOzDZQ90PTtl,akhil.nair156@student.edu
S03157,gBfHUKjj18TZ,anand.kumar157@student.edu
S03158,NNF76rgCUxFg,rohit.nair158@student.edu
S03159,Hy4utk55sC55,nikhil.reddy159@student.edu
S03160,0RVHadLb66Qx,vishnu.iyer160@student.edu
S03161,J1LeL2cHG2W1,sanjay.gupta161@student.edu
S03162,aiBbVhg1xg2e,pooja.das162@student.edu
S03163,ePYxTLFcz2h0,meera.menon163@student.edu
S03164,dTrNz9pUtu0W,nikhil.iyer164@student.edu
S03165,yEf3sPMdmGxx,arjun.iyer165@student.edu
S03166,0u6wdbDqrRdO,priya.iyer166@student.edu
S03167,hM5zbhGK4t13,anjali.sharma167@student.edu
S03168,MLDu6pVYPo4H,divya.reddy168@student.edu
S03169,72H1ELNxsiAv,priya.kumar169@student.edu
S03170,dB2tNvJdbuKf,rahul.sharma170@student.edu
S03171,v7QcYTANM7tv,anand.das171@student.edu
S03173,TEPup0wr0zSz,sneha.menon173@student.edu
S07174,NusoyhU9ayyN,aishwarya.sharma174@student.edu
S03176,6753YVZlls2N,anjali.iyer176@student.edu
S03177,8CD110467gDz,anjali.reddy177@student.edu
S03178,Md6Vzccm0sUs,arjun.nair178@student.edu
S03179,JKtGuAm8aBG2,sanjay.reddy179@student.edu
S03180,iZ6vU5XBww6c,anjali.gupta180@student.edu
S03181,ovRBPZ1iSAhl,rahul.kumar181@student.edu
S03182,DysohINMfAI1,aishwarya.menon182@student.edu
S03184,HTf6VuZsnwuj,pooja.nair184@student.edu
S03185,DUy9fUqOrNK8,rohit.iyer185@student.edu
S03186,XZTMV1vo0TbC,rohit.menon186@student.edu
S03187,wTYyDfr3YiFW,akhil.kumar187@student.edu
S03188,TXqMGE6p20Yg,rohit.menon188@student.edu
S03189,NZLo4YzBvdx9,vishnu.menon189@student.edu
S03190,fqPE5dK07Lcl,sreya.menon190@student.edu
S03191,mdzdApKfAJG1,anjali.gupta191@student.edu
S03192,nsMnzIAjNlXw,sreya.das192@student.edu
S03193,40bHAE329Fh4,rahul.das193@student.edu
S03194,BPYfZgPu7784,pooja.sharma194@student.edu
S03195,2F7DfPkPmgxP,nikhil.das195@student.edu
S03196,BGtXrtNg1cVa,rahul.pillai196@student.edu
S03197,HX3EM5Wc1hn6,akhil.iyer197@student.edu
S03198,Zsji2WB74vif,priya.sharma198@student.edu
S03199,badjutcnhR8v,sneha.nair199@student.edu
S03200,fHpb5GfJfVnL,neha.patel200@student.edu
S03201,qPlBfJvZGBRn,rohit.gupta201@student.edu
S03202,KYmCcGyP9c6I,rahul.pillai202@student.edu
S03203,co2puwGQrhJP,aditya.pillai203@student.edu
S03204,DbfuAk7BOOJU,akhil.kumar204@student.edu
S03205,fBddBSEMfjeD,sneha.kumar205@student.edu
S03206,hdoQVuTmbgiJ,aishwarya.sharma206@student.edu
S03207,8gq6sXchuFx6,akhil.reddy207@student.edu
S03208,NCv5QA7gdDDq,pooja.pillai208@student.edu
S03209,bwIzHmD98dIu,anand.sharma209@student.edu
S03210,fNuUO7c8v3ef,arjun.iyer210@student.edu
S03211,QLbULQVZpUAM,meera.pillai211@student.edu
S03212,uqUpjC7ulOUS,anjali.pillai212@student.edu
S03213,lGxXEYaxm18p,akhil.nair213@student.edu
S03214,GneJyiOLccYn,priya.patel214@student.edu
S03215,PysmTdtSRstI,nikhil.pillai215@student.edu
S03216,T1RzjzGoawqr,kiran.patel216@student.edu
S03217,hxoNooDKOcAz,neha.das217@student.edu
S08218,DAw1cohVf1VB,neha.iyer218@student.edu
S03219,6YAGsWQqmu2u,pooja.patel219@student.edu
S03220,YxPXWq3Iv9uh,anjali.pillai220@student.edu
S03221,OvBIoNOHmT6g,divya.patel221@student.edu
S03222,6N6YDAIz08Qd,anand.kumar222@student.edu
S06223,1Y6YOE0UWvjj,nikhil.menon223@student.edu
S03224,HHZTGN004j20,aishwarya.iyer224@student.edu
S03225,H3F6V0HtJrEl,nikhil.gupta225@student.edu
S03226,WbhucEwzRtOQ,rohit.iyer226@student.edu
S04227,Bz6wR09t9jFJ,anjali.das227@student.edu
S03228,COX5fZUbV5lt,vishnu.das228@student.edu
S03229,CA9igvxOA81L,arjun.patel229@student.edu
S03230,gevk1Sef8kcV,kavya.sharma230@student.edu
S03231,Dy8ZOsf3c5yV,kavya.das231@student.edu
S03232,237xDtlfPV5T,sneha.gupta232@student.edu
S03233,Ffs0j4x5Zilz,akhil.pillai233@student.edu
S03234,YXSSgSYsk1Rk,aishwarya.menon234@student.edu
S03235,f6ql9bMg2n1d,sneha.sharma235@student.edu
S03236,6H1r33pXjYoO,kavya.pillai236@student.edu
S03237,DYmnBouIt633,anand.das237@student.edu
S03238,C4w0JSmMz4h2,sanjay.das238@student.edu
S03240,3Ll95al4YXOH,neha.menon240@student.edu
S03241,8EuRW67zljly,priya.pillai241@student.edu
S03242,qt19N8MnGdSI,pooja.iyer242@student.edu
S06243,UxlxsXK8lNbQ,kavya.kumar243@student.edu
S03244,2sf7DzjZufQ5,divya.sharma244@student.edu
S03245,nERqwKdCoEoF,vishnu.das245@student.edu
S03246,H0mG4qYiPjUT,anand.iyer246@student.edu
S03247,BqLeKG1kc13h,kiran.nair247@student.edu
S03248,IZufRRNbQEYK,kavya.patel248@student.edu
S03249,VL4ojRkcGLVd,nikhil.reddy249@student.edu
S03250,WRepJfmzChNd,vishnu.iyer250@student.edu
S03251,A6SQuFWIcRRG,kavya.pillai251@student.edu
S03252,AnrqvtKiskoj,divya.pillai252@student.edu
S03253,dY0VddmipbtN,anjali.pillai253@student.edu
S03254,VzHmuHhL3Tfu,arjun.das254@student.edu
S03255,fl4tTgCZcp5V,rahul.sharma255@student.edu
S03256,2xGXwWC1IzlR,sneha.gupta256@student.edu
S03257,N2V0WT6z9lk3,sanjay.kumar257@student.edu
S03258,vIgwL7EXdmaS,anjali.iyer258@student.edu
S03259,K1UdXc7hnHLk,sanjay.iyer259@student.edu
S03260,r9A7O9IGB55z,neha.nair260@student.edu
S03261,kemOv3wBJFiL,vishnu.das261@student.edu
S03262,K1Q8DYdZMqCl,akhil.nair262@student.edu
S03263,vbN87R9pERLm,neha.das263@student.edu
S03264,PB5Au3csPLQS,rahul.reddy264@student.edu
S03265,XjF5UCW7NrKM,akhil.patel265@student.edu
S03266,MtzhBCsruflI,sneha.nair266@student.edu
S03267,ZUf5DhlDoMKt,sanjay.sharma267@student.edu
S03268,xHST8amgY5C7,neha.sharma268@student.edu
S03269,7x8g3tdkQAo9,neha.reddy269@student.edu
S03270,jp90JBXIjTRp,neha.sharma270@student.edu
S03271,iWLs97ZIKWIN,anand.nair271@student.edu
S03272,rBrU0S4ck1ug,kiran.sharma272@student.edu
S03273,MtLAlLkQvX8B,kiran.iyer273@student.edu
S03274,iO5yUENTbKh8,rohit.patel274@student.edu
S03275,Y4hTWgbdlzHN,kavya.iyer275@student.edu
S03276,vL2QyVObOeXi,anand.nair276@student.edu
S03277,8qbDPq0ZO9fJ,aditya.das277@student.edu
S03278,7tl0aPPd3wFk,vishnu.menon278@student.edu
S03279,IcrIfhNZL8qh,sneha.pillai279@student.edu
S03280,KiQ7ufN8dqv7,sneha.patel280@student.edu
S03281,x7ZVh9yB8wJG,aditya.nair281@student.edu
S03282,o1HBUrNl2IHR,aditya.iyer282@student.edu
S03283,AzFJdVNtpP5W,nikhil.iyer283@student.edu
S03284,oulwrrvRTXiz,sneha.gupta284@student.edu
S03285,9F0F7JPsInwT,sanjay.gupta285@student.edu
S03286,11c8kHgcJi1A,sneha.menon286@student.edu
S03287,xbTIHW6Xupjm,rohit.das287@student.edu
S03288,HT15zjLyCqjD,rohit.sharma288@student.edu
S03289,nvloDC0pT7cZ,arjun.nair289@student.edu
S03290,oxvImPq1knHC,neha.kumar290@student.edu
S03291,PJ0NFRtPgoKX,sneha.sharma291@student.edu
S03292,fi58JraR44PB,nikhil.iyer292@student.edu
S03293,QMiW4VPMCGcQ,anand.iyer293@student.edu
S03294,3R7bp4xvnyw6,aditya.gupta294@student.edu
S03295,8RFRkAcpB0to,nikhil.sharma295@student.edu
S03296,YimEE2hFqebo,aishwarya.reddy296@student.edu
S03297,HhhDkDJyewW1,meera.nair297@student.edu
S03298,tMSf2otMaekD,rohit.reddy298@student.edu
S03299,0nBGBUxsUci6,aishwarya.gupta299@student.edu
S03300,QmSPOG59bXrQ,kavya.gupta300@student.edu
S03301,SPCzD6E6p4WD,kiran.das301@student.edu
S03302,gBnYIylfhptj,neha.iyer302@student.edu
S03303,AfvKdR7llthp,anand.nair303@student.edu
S03304,4ofjM4vfMb7A,divya.reddy304@student.edu
S03305,0nrfOHsO0VyB,anjali.gupta305@student.edu
S03306,YujS681QVcZR,arjun.gupta306@student.edu
S03307,89khuPn0CvnG,sneha.pillai307@student.edu
S03308,wUEzEEVFBRn0,neha.nair308@student.edu
S03309,hBHnbzyMREeu,kiran.patel309@student.edu
S03310,LrMOPht5Zpnn,arjun.nair310@student.edu
S03311,f7adnRJRoAG1,aditya.reddy311@student.edu
S03312,w2mlFtltswNA,rahul.pillai312@student.edu
S03313,e8TtiQdJNAgE,sreya.patel313@student.edu
S03314,woNSbHgBPvKb,meera.kumar314@student.edu
S03315,GtfbgV4Jj0yM,pooja.pillai315@student.edu
S03316,PnzEK0PLc5CZ,arjun.iyer316@student.edu
S03317,cQoxNI1HWXy2,vishnu.nair317@student.edu
S03318,GIiYAphwz6FS,arjun.nair318@student.edu
S03319,i5BBCzkOsBxr,meera.nair319@student.edu
S03320,KtuZSzgpcITu,aishwarya.nair320@student.edu
S03321,3AsWmv837BGt,arjun.reddy321@student.edu
S03322,2OYpH8ZdDRU7,aditya.menon322@student.edu
S03323,Kmf8wglpbH7R,akhil.das323@student.edu
S03324,UrXRQEIZvHVb,pooja.patel324@student.edu
S03325,rWWUFcj3bmp0,neha.pillai325@student.edu
S03326,9DNe0SaNZaQ9,rahul.nair326@student.edu
S06327,aqvTfVmfQAW7,anjali.gupta327@student.edu
S03328,cmKluREPPJWJ,anand.kumar328@student.edu
S03329,PSMVPasR5z0h,aishwarya.patel329@student.edu
S03330,AYyYtVWrpwoV,sneha.gupta330@student.edu
S03331,Yav0Nrf4JrWv,rohit.sharma331@student.edu
S03332,EfIcpquRfj7J,arjun.gupta332@student.edu
S03333,OQFV58sm0b5F,rahul.kumar333@student.edu
S03334,EhOTRQp0STCk,rohit.kumar334@student.edu
S03335,ayquYZR2NjBN,rahul.patel335@student.edu
S03336,5pUXpKm0bzVm,vishnu.sharma336@student.edu
S03337,xsrfnrheTqAd,sanjay.iyer337@student.edu
S03338,N4Uye60yp5lW,sanjay.iyer338@student.edu
S03339,C5ayYeZU8pdN,pooja.patel339@student.edu
S03340,3jbsvXVtFdqR,sreya.nair340@student.edu
S03341,1XRlfJTwqMY6,rohit.menon341@student.edu
S03342,68uNeqsdilJh,nikhil.sharma342@student.edu
S03343,jkwe2DjtFyZs,akhil.pillai343@student.edu
S03344,c4215IztMBI9,aditya.gupta344@student.edu
S03345,4BtCGuribBLo,sreya.menon345@student.edu
S03346,XsmRTkDuzxfO,akhil.menon346@student.edu
S03347,8OTqYzdxj1iv,anjali.sharma347@student.edu
S03348,7OAcC9Ud2ai9,nikhil.pillai348@student.edu
S03349,S5YoL86cMH3o,meera.gupta349@student.edu
S03350,HbLRLhVgkQdl,kiran.sharma350@student.edu
S03351,y9zkF4k52cTS,priya.patel351@student.edu
S03352,WtSBxF6GfqH7,kiran.kumar352@student.edu
S03353,4NByvZcziprS,divya.kumar353@student.edu
S03354,6ukK6m357h1c,sanjay.patel354@student.edu
S03355,qxqSpjkI0edG,anand.gupta355@student.edu
S03356,KHmDlBSq7lvA,sanjay.iyer356@student.edu
S03358,XdVTJHWPvl2q,kavya.das358@student.edu
S03359,2qUhyZ0AQyTD,anand.kumar359@student.edu
S03360,37JIyOpJffE5,rohit.menon360@student.edu
S03361,eZYcjbkyJDe0,neha.patel361@student.edu
S03362,R9ZSaFGVoZAG,akhil.das362@student.edu
S03363,eOYKwbPjpNoR,anand.menon363@student.edu
S03364,d9RoLMnjqunf,nikhil.patel364@student.edu
S03365,SrmM2glKPJSz,kavya.reddy365@student.edu
S03366,6dhCfpHmlMgn,divya.patel366@student.edu
S03367,agIlTjcCzoxs,sanjay.pillai367@student.edu
S03368,ZdunuPBGFDsM,sreya.iyer368@student.edu
S03369,crWAT2L21xEW,akhil.patel369@student.edu
S03370,nWc6JGmgn4Lx,rohit.gupta370@student.edu
S03371,ov8l9bfe5x8U,rohit.das371@student.edu
S03372,zzMlf5ekdRgh,anjali.gupta372@student.edu
S03373,huCnNcEeZNgg,meera.nair373@student.edu
S03375,wb80XumYaVWy,meera.das375@student.edu
S03376,nXbEdhDsZoCI,divya.pillai376@student.edu
S03377,XRAfigM3Pp0L,rohit.gupta377@student.edu
S03378,CBDQgwDf2cHF,arjun.das378@student.edu
S03379,pkh1MHz0nydH,anand.kumar379@student.edu
S03380,NKUqgmCWVBsi,neha.gupta380@student.edu
S03381,hDNp5nJ678Li,anand.gupta381@student.edu
S03382,23IjxWxBbPTZ,sreya.kumar382@student.edu
S03383,M62LkVH680KH,anand.menon383@student.edu
S03384,dJWSTIV34DK2,aishwarya.pillai384@student.edu
S03385,64VEPxqV785j,divya.pillai385@student.edu
S03386,Dkde7Dx8ERk9,nikhil.patel386@student.edu
S03387,zYMwJ39GM4rk,rohit.gupta387@student.edu
S07388,q5ateyBTa5T8,pooja.menon388@student.edu
S03389,DzUyw466jgyr,sanjay.sharma389@student.edu
S03390,j8e8jGUi3Kgk,nikhil.sharma390@student.edu
S03391,NZrVec0Cxkpn,nikhil.reddy391@student.edu
S03392,dHO6T4YcwKnX,divya.patel392@student.edu
S03393,5Dsx3QMthIxf,divya.sharma393@student.edu
S03394,g5RYPZc4ZTM8,kiran.gupta394@student.edu
S03395,ZTd3wgbAL4TN,meera.iyer395@student.edu
S03396,PmH8CVuUqfxZ,priya.nair396@student.edu
S03397,KwhMuQ72SbkA,divya.patel397@student.edu
S03398,SIDDkzFJxKuv,priya.sharma398@student.edu
S03399,uy9PXQn7Qzyg,kiran.patel399@student.edu
S03400,vXtPYWBRxQmj,kavya.patel400@student.edu
S03401,SPDZMETllaVk,sreya.iyer401@student.edu
S03402,mpGTCY2wUCCT,rahul.kumar402@student.edu
S03403,MvUXzHwx3JiT,kiran.patel403@student.edu
S03404,vn2O6WRkDhwv,neha.das404@student.edu
S03405,y9ULsqURIM3e,neha.kumar405@student.edu
S03407,UCqgryVmrz0n,priya.patel407@student.edu
S03408,yy9ZJ6jcFF3T,arjun.pillai408@student.edu
S03409,GVG8tlRFUrVm,kiran.sharma409@student.edu
S03410,2gg4MNqByFB0,aishwarya.pillai410@student.edu
S03411,F5UHHMpuqK2c,priya.patel411@student.edu
S03412,X2bTazdGrk3C,kavya.nair412@student.edu
S03413,8qklPfAoCCx9,vishnu.sharma413@student.edu
S03414,L3tffBtgrhNX,meera.menon414@student.edu
S03415,H4E6GCJmp5I0,divya.gupta415@student.edu
S03416,2nxvyiXerGoO,arjun.kumar416@student.edu
S03417,zo1lsiKFGKbZ,rahul.das417@student.edu
S03418,B9JZchfgFqjz,nikhil.sharma418@student.edu
S03419,49xdYNcU77nC,aditya.reddy419@student.edu
S03420,pJRPOA7MVHKf,kiran.iyer420@student.edu
S03421,UOrv5NZMOucv,pooja.reddy421@student.edu
S03422,KuLkJXE0hm2A,anand.menon422@student.edu
S03423,jVfL0zCdhxig,nikhil.sharma423@student.edu
S03424,hGqOfgXNk1dt,sanjay.iyer424@student.edu
S03425,vofmMAdIBa9H,vishnu.kumar425@student.edu
S03426,V2xQZ8MWDEwt,priya.kumar426@student.edu
S03427,hCBa6JuIhIiJ,kavya.gupta427@student.edu
S03428,imeBaCkcQV5G,rahul.pillai428@student.edu
S03429,EqgcVZgAQZWQ,akhil.sharma429@student.edu
S03430,em0fGy5uszlY,anjali.nair430@student.edu
S03431,mfgQ3vphSGNo,aditya.patel431@student.edu
S03432,dnoTvVBA7ntb,akhil.das432@student.edu
S03433,WLZuKC7y2pGy,arjun.reddy433@student.edu
S03434,plJPKMKbToYc,rohit.menon434@student.edu
S06435,4mAazJfb3wLV,aditya.sharma435@student.edu
S03436,OW82qaWn72bu,vishnu.reddy436@student.edu
S03437,Hunn9D3EKT0x,aishwarya.sharma437@student.edu
S03438,w8Fa1RV7ycsl,sneha.das438@student.edu
S03439,H4HkkBvgucNJ,aishwarya.pillai439@student.edu
S03440,97u9oUvseBDi,meera.patel440@student.edu
S03441,RnTL9aR1MO9E,aishwarya.nair441@student.edu
S03442,3VEELm4gc17K,vishnu.gupta442@student.edu
S03443,31qHbrlj9mh9,kiran.kumar443@student.edu
S03444,wU1ENChB0Z3u,meera.pillai444@student.edu
S03445,5q590qWHQ8ce,sanjay.reddy445@student.edu
S03446,WLOLNHDiIpD2,anand.menon446@student.edu
S03447,6b4SZKWB6NM9,anand.gupta447@student.edu
S03448,a5P041BVR3pN,kiran.nair448@student.edu
S03449,aGshGljmZ4vY,aditya.das449@student.edu
S03450,zXd0vKz8UAhc,aditya.reddy450@student.edu
S03451,EwL6JGhjl4d4,kiran.iyer451@student.edu
S03452,Io8jZCRj1PPo,akhil.das452@student.edu
S03453,5vEb9wTbgZXh,pooja.kumar453@student.edu
S03454,B8iGlgE5IE7l,pooja.das454@student.edu
S03455,AJbUl369x9CD,anand.iyer455@student.edu
S03457,PxdgSj40BwPd,sneha.patel457@student.edu
S03458,eFgtonNjQGQQ,sreya.sharma458@student.edu
S03459,YDVo9oOpbisV,divya.sharma459@student.edu
S06460,7Hse9LChjMBG,aishwarya.pillai460@student.edu
S03461,7hmSwNn1OA1L,kiran.patel461@student.edu
S03462,3JwiER6SQasN,sanjay.das462@student.edu
S03463,3MtmPtcvW1uo,anjali.gupta463@student.edu
S03465,3PmllyI5yyT6,divya.nair465@student.edu
S03466,Ocwdl4xmzKD3,neha.menon466@student.edu
S03467,zwqOtD2BTwN7,kavya.sharma467@student.edu
S03468,7FTEipRSMsFT,vishnu.iyer468@student.edu
S03469,PydZTxtayQ3k,sanjay.das469@student.edu
S03470,4cLR6Lj5Icrx,sneha.pillai470@student.edu
S03471,1bfjmEM0J5tJ,aishwarya.patel471@student.edu
S03472,ggfYUu2fILBe,sneha.menon472@student.edu
S03473,RdVGcKpkcO5E,kavya.das473@student.edu
S03474,6bB4eTuRzZLO,anjali.reddy474@student.edu
S03475,6MKPmc22UL2L,kiran.gupta475@student.edu
S03476,v9GKtVtlBNRd,nikhil.iyer476@student.edu
S03477,Uxil6eh7deUX,pooja.pillai477@student.edu
S03478,RpyU5eFyykMU,kiran.iyer478@student.edu
S03479,pgnBLmYzL2iW,aditya.pillai479@student.edu
S03480,Pog3TfJnHFJu,kavya.reddy480@student.edu
S03481,Tym9gE1w57VT,kiran.das481@student.edu
S03482,zGvwhXTIsaTd,divya.reddy482@student.edu
S03483,NCamYs3xikRP,pooja.pillai483@student.edu
S03484,VxKZsUmIkVlH,meera.das484@student.edu
S03485,6ss02VseW43a,priya.kumar485@student.edu
S03486,6pRxFca1uPE7,aditya.kumar486@student.edu
S03487,qZ1yaa9OYNHZ,anand.gupta487@student.edu
S03488,PHjLyvQXbbeO,neha.gupta488@student.edu
S06489,kieOCRGMToAe,aditya.patel489@student.edu
S03490,Yj7UyQxf1nPk,divya.sharma490@student.edu
S03491,GF8Jneptakb2,divya.pillai491@student.edu
S03492,aUm1hFlnTBm8,nikhil.das492@student.edu
S03493,3f8p7lwapytm,kavya.kumar493@student.edu
S03494,way6vlB24LB9,aishwarya.das494@student.edu
S03495,4S1o2RASTcYn,sanjay.menon495@student.edu
S03496,74zVTvcbp6dl,pooja.das496@student.edu
S08497,ZZWX7AHN6MRn,sneha.iyer497@student.edu
S03498,a8mg3KDd3aCI,divya.pillai498@student.edu
S03499,IyHVhV9pzydW,anjali.kumar499@student.edu
S03500,lZq0YYc2Gean,aishwarya.patel500@student.edu
S03501,WIFs63Wfyu02,priya.pillai501@student.edu
S03502,MO9qFizL1O61,sreya.das502@student.edu
S03503,pMUjjFq2sUez,priya.reddy503@student.edu
S03504,c2RovdDCPx1U,divya.nair504@student.edu
S03505,kw09fdatOuMF,rahul.pillai505@student.edu
S03506,ZG6ZMqs2YbkR,pooja.pillai506@student.edu
S03507,f8FGuSMfPJMy,nikhil.patel507@student.edu
S03508,5lXwqGgovB0w,anand.menon508@student.edu
S03509,2nCPDnhkALnQ,rohit.patel509@student.edu
S03510,qPoEL7r1AByL,anand.patel510@student.edu
S03511,7blrxFqQfHrO,meera.kumar511@student.edu
S03512,LSyJejFyU1ZE,meera.iyer512@student.edu
S03513,pf34g2agMYCD,sanjay.kumar513@student.edu
S03514,YfEmQwMXq0Ad,aishwarya.gupta514@student.edu
S03515,seedCIcaXhPZ,pooja.kumar515@student.edu
S03516,wX9zsWufU0pA,kavya.pillai516@student.edu
S03517,Sx41e5soRvWp,pooja.patel517@student.edu
S03518,3FgoqEunR1sj,kavya.reddy518@student.edu
S03519,YnIJO2QCqEDg,rahul.pillai519@student.edu
S03520,AnI0qO6a54hL,pooja.sharma520@student.edu
S03521,nKP56jGTGiQT,sanjay.patel521@student.edu
S03522,f7sZtFvDkbGA,nikhil.das522@student.edu
S03523,ThBCTg35dwoL,divya.reddy523@student.edu
S03524,rfScSPLpxcBr,arjun.iyer524@student.edu
S03525,SNO8AIQEk1CJ,aishwarya.reddy525@student.edu
S03526,Pa5FIgY2CzIR,sreya.patel526@student.edu
S03527,8CpiC61g39M9,aishwarya.menon527@student.edu
S03528,VLgO1ETN5z68,sreya.pillai528@student.edu
S03529,LXn1G8lrtKjA,neha.das529@student.edu
S03530,DZDU86quTDRR,kavya.iyer530@student.edu
S03531,5Or6TWggaEc5,sanjay.kumar531@student.edu
S03532,RchzBhvVoSjZ,sanjay.das532@student.edu
S03533,EaFjdHXyT2cV,rohit.kumar533@student.edu
S03534,b0AnEWHc1yNh,priya.patel534@student.edu
S03535,LvJLXYIzA1l2,arjun.reddy535@student.edu
S03536,hrUHiWidyXXN,arjun.reddy536@student.edu
S03537,KYKn0G9HuVIz,aditya.nair537@student.edu
S03538,8BL2MkybUwQU,arjun.menon538@student.edu
S03539,0B5TPbsVgc2y,sanjay.iyer539@student.edu
S03540,QLMv9ixWU0oi,anand.gupta540@student.edu
S03541,Fsopo5rViF09,neha.kumar541@student.edu
S03542,RNLzA8kvqdTR,sreya.patel542@student.edu
S03543,zOsSwyvNlLGz,anjali.menon543@student.edu
S03544,p6wfVgJY61yp,anand.pillai544@student.edu
S03545,Ny4xXo8StQ64,rahul.nair545@student.edu
S03546,t34OdNAQgdra,meera.reddy546@student.edu
S03547,OyScwW1t6Kx8,priya.menon547@student.edu
S03548,cNkr4fqFXU5V,anjali.pillai548@student.edu
S03549,izjTHHeLyAYK,kavya.iyer549@student.edu
S03550,YLhkcVcuXLKR,vishnu.gupta550@student.edu
S03551,Cikjpnfkl5Ns,sreya.reddy551@student.edu
S03552,Xkc9DYeMAsDU,priya.kumar552@student.edu
S03553,EaX3gSwV5rfQ,meera.gupta553@student.edu
S03554,PcpCDxaUeeVR,sneha.reddy554@student.edu
S04555,FJytzbM9t95b,kiran.gupta555@student.edu
S08556,t023xmwBBNCP,meera.das556@student.edu
S03557,6A8w5mopaewp,rohit.gupta557@student.edu
S03558,Ija7tTRsZ7JU,neha.iyer558@student.edu
S03559,5wa7myOxeOct,sanjay.iyer559@student.edu
S03560,TOVDk6hQ1a8Y,rahul.das560@student.edu
S03561,IZ6Oh8SK4LGq,pooja.pillai561@student.edu
S03562,7ZAUpNSzoVxn,nikhil.menon562@student.edu
S03563,4hfR1OfbL6WJ,rohit.menon563@student.edu
S03565,vwcDeqjks7hw,akhil.iyer565@student.edu
S03566,NYRNJ1LVBm4T,neha.nair566@student.edu
S03567,vJ6Hd0BgIrkA,aditya.das567@student.edu
S03568,2lng3A3wlzd3,sreya.menon568@student.edu
S03569,LetSq7L1kgFQ,sreya.menon569@student.edu
S06570,pp9WyPJaC3TD,aditya.reddy570@student.edu
S03571,ZKiUmV9VVr30,neha.das571@student.edu
S03572,I1atJ4XeEkGA,nikhil.kumar572@student.edu
S03573,aZfO17bDHM0b,meera.iyer573@student.edu
S03574,rmKNpNLnnS4P,sanjay.patel574@student.edu
S03575,oDCVlkyLWRoG,anand.das575@student.edu
S03576,1MHl6kvLEzrf,arjun.sharma576@student.edu
S03577,y8YgQsuHySEt,anjali.reddy577@student.edu
S03578,7GKtK1cvDv4A,sanjay.nair578@student.edu
S03579,zCsBK1vl5NsE,anand.reddy579@student.edu
S03580,QA86GJHCzaMK,divya.pillai580@student.edu
S03581,LDqKCreHF73H,neha.kumar581@student.edu
S03582,7VG92LwUD3Ks,sreya.kumar582@student.edu
S03583,gTPdVPeMV2lm,nikhil.menon583@student.edu
S03584,5Fc6SadRpVUT,pooja.iyer584@student.edu
S03585,E9HR5beiA4lw,arjun.kumar585@student.edu
S03586,c7ODrXVvX9vv,kavya.pillai586@student.edu
S03587,iI311oaxVYbU,divya.gupta587@student.edu
S03588,F5kCxX4WmY3O,arjun.nair588@student.edu
S03589,klPYgrqhDg6A,anand.sharma589@student.edu
S03590,cTwHsjGUtseG,akhil.sharma590@student.edu
S03591,SzV2YYlsL4ph,meera.das591@student.edu
S03592,yyJxdD9wILy0,aishwarya.sharma592@student.edu
S03593,UtyzFf20kxnT,nikhil.sharma593@student.edu
S03594,MQVYfW3K5Jwf,aditya.gupta594@student.edu
S03595,MXqf8gpbAiQh,divya.reddy595@student.edu
S03597,gpVTtrJFGWNt,pooja.gupta597@student.edu
S03598,EOIn3Of4A7K2,anjali.pillai598@student.edu
S03599,eet4Q20hUd5V,anjali.menon599@student.edu
S03600,IVafoS8M8Dp6,anjali.pillai600@student.edu
S03601,iltNd72Hx1mN,pooja.patel601@student.edu
S03602,m7cUcvhjFzVh,kavya.iyer602@student.edu
S03603,DuXhwhoY53Mp,divya.iyer603@student.edu
S03604,Q8EKKAqpU1td,sneha.gupta604@student.edu
S03605,6ACf3K9yDLHH,arjun.patel605@student.edu
S03606,RhpYbZ7RQpS7,priya.nair606@student.edu
S03607,ebPAXS4gOalm,sneha.das607@student.edu
S03608,oSfMwvvAhjnz,akhil.reddy608@student.edu
S03609,hX3Ni6GlDX3i,anand.sharma609@student.edu
S03610,MEcxvEkTEBKY,kavya.sharma610@student.edu
S03611,zLBhFxIG1Fff,sneha.nair611@student.edu
S03612,1U5rPEEgWKmx,pooja.sharma612@student.edu
S03613,sY3xPAF3W66M,sneha.das613@student.edu
S03614,fnXEcpvhjVSs,vishnu.iyer614@student.edu
S03615,csJB00QTMqrw,meera.kumar615@student.edu
S03616,AU9A8K6PBAFE,neha.sharma616@student.edu
S03617,zcsAwZVQ61yQ,arjun.sharma617@student.edu
S03618,bUBAhzyRaq7K,anand.gupta618@student.edu
S03619,j9OORMT6f7ZX,sreya.nair619@student.edu
S03620,3DZEuoBSIoGN,pooja.gupta620@student.edu
S03621,zmsxUk3Z3jXC,sneha.iyer621@student.edu
S03622,EFddk9Kf0W3u,anjali.patel622@student.edu
S03623,CnOqtlsVzWMi,priya.pillai623@student.edu
S03624,JLpAZSuHfhFo,neha.kumar624@student.edu
S03625,pHK9KIXZ2NHj,rahul.nair625@student.edu
S03626,Og5ovNwsXpKg,neha.menon626@student.edu
S03627,Rom75uCmscn1,kiran.kumar627@student.edu
S03628,pvbr3z1ylpC0,anjali.iyer628@student.edu
S03629,E7D6KVd6FLJZ,rohit.nair629@student.edu
S03630,vMsoZwI4fYbT,nikhil.iyer630@student.edu
S03631,XtRoTqECO9Wp,anjali.pillai631@student.edu
S03632,GWDuACGEIHHN,meera.reddy632@student.edu
S03633,wcgULre6Iza9,arjun.nair633@student.edu
S03634,mbx6hVOmeOVl,nikhil.gupta634@student.edu
S03635,VTXqylNejGr0,kiran.kumar635@student.edu
S03636,inZJZd3kHWll,meera.menon636@student.edu
S03637,7Nfg47tdh4Cx,pooja.pillai637@student.edu
S03638,rGhMDNBorcls,nikhil.sharma638@student.edu
S03639,r2pFl0uPvVxh,anjali.kumar639@student.edu
S03640,uLrJQAQCpBwo,kavya.das640@student.edu
S03641,eRjRBz2ByC7o,sneha.kumar641@student.edu
S03642,7xMkSlWRgmMx,rohit.menon642@student.edu
S03643,rgAeCNVO8d3g,neha.menon643@student.edu
S03644,zx35dl3FMl6G,akhil.reddy644@student.edu
S03645,HzomeB1jd3w3,rahul.gupta645@student.edu
S03646,ZUzFmLvDTH1D,kiran.menon646@student.edu
S03647,0FehnMPWnuaS,anand.pillai647@student.edu
S03648,fnhNh4ZYoVza,aishwarya.reddy648@student.edu
S03649,vuu03BpULqnV,vishnu.das649@student.edu
S03650,l3Ttvv0mt1Hd,rohit.iyer650@student.edu
S03651,6c5PsPjU4sQV,sneha.sharma651@student.edu
S03652,WgZxCpSVWrcA,rahul.iyer652@student.edu
S03653,CK2cmAnl9wTM,anand.patel653@student.edu
S03654,F5L6jMuVgZhV,aditya.pillai654@student.edu
S03655,B3iXjmBf2y0V,nikhil.nair655@student.edu
S03656,kG7AylGEDsSZ,sreya.patel656@student.edu
S03657,wAW7WYlg0JL1,aishwarya.gupta657@student.edu
S03658,RKwzje9P6RWn,neha.gupta658@student.edu
S03659,WIp9IVPSrrJm,sneha.das659@student.edu
S03660,qslQZbV2Lpzo,anjali.kumar660@student.edu
S03661,dP8LR4xjY6hK,kavya.menon661@student.edu
S03662,KLSm9bWuOtjK,anjali.menon662@student.edu
S03663,ylkeN5JQIIUQ,rahul.nair663@student.edu
S03664,bzA7XjtGMxGt,aditya.sharma664@student.edu
S03665,KoJBm8N3SgMH,pooja.pillai665@student.edu
S04666,tbosTLN7ZZEr,aishwarya.nair666@student.edu
S03667,H0YXIn3OGHHw,sneha.patel667@student.edu
S03668,xS64lt3fGQm8,aditya.reddy668@student.edu
S03669,xODNVTjDngML,sreya.iyer669@student.edu
S03670,8Nkigc1vXwQF,aishwarya.patel670@student.edu
S03671,f50I563wxYbL,rohit.das671@student.edu
S03672,mxT6gnleSgZr,rohit.kumar672@student.edu
S03673,eI6m7iqriKJs,sanjay.patel673@student.edu
S03674,utAv8xCxTgRe,aditya.gupta674@student.edu
S03675,pJQlQqrWXam0,kiran.reddy675@student.edu
S03676,RlPycY1LI6J9,kavya.patel676@student.edu
S03677,Ny9yNaxt6gqn,aishwarya.reddy677@student.edu
S03678,FgO5mXR1HXjo,meera.patel678@student.edu
S03679,28W7d6dmNW67,divya.pillai679@student.edu
S03680,hYzXx8T26ibH,rohit.gupta680@student.edu
S03681,vtstzG5b9E87,aditya.kumar681@student.edu
S03682,Qh7pVzgjE9ZO,pooja.das682@student.edu
S03683,TZGUxe90Ji27,aditya.sharma683@student.edu
S03684,SlwAdyCUjPoi,sneha.sharma684@student.edu
S03685,5T4a1JSfW2jy,rahul.iyer685@student.edu
S03686,HtnKgbUfsPxf,rahul.kumar686@student.edu
S04687,vcGJhI3dWDl6,kavya.kumar687@student.edu
S03688,bi75Iv96cgCp,rohit.iyer688@student.edu
S03689,vgwR65kiY3Bi,pooja.pillai689@student.edu
S03690,rT9BQMrvIyzC,sanjay.das690@student.edu
S03692,NbNKua0gsdvx,aishwarya.menon692@student.edu
S03693,cRG6cYYDgF1e,priya.iyer693@student.edu
S03694,aVOO88c2szLw,rahul.nair694@student.edu
S03695,o94pFJeWdNC9,aditya.nair695@student.edu
S03696,0ER7oZ8Scvtd,divya.reddy696@student.edu
S03697,u6dZdddqouA2,aditya.gupta697@student.edu
S03698,whUIHNVI0SKL,priya.sharma698@student.edu
S03699,SL6kQCf3Cinn,sneha.iyer699@student.edu
S03700,CffJ57XxNh1G,anjali.reddy700@student.edu
S03701,PZ7lPAf2WFz3,pooja.das701@student.edu
S03702,YCldQqmnNzzD,akhil.menon702@student.edu
S03703,P2LiAHoY43DT,divya.patel703@student.edu
S03704,u8sagg7HQFW0,anjali.sharma704@student.edu
S03705,biYDpbcWWG6Z,neha.sharma705@student.edu
S03706,ryFqyaWqRx2c,divya.pillai706@student.edu
S03707,WbFhoYaQ5UpW,kavya.pillai707@student.edu
S03708,aj6t3hEDVUfs,aditya.patel708@student.edu
S03709,S3F0EbqHpXmP,sreya.das709@student.edu
S03710,miG7C1yhRiJm,anand.das710@student.edu
S07711,EHIgIAEzXYgp,kiran.nair711@student.edu
S03712,eg48kPDx0UCR,arjun.gupta712@student.edu
S03713,QkAMGCk8adTj,sreya.nair713@student.edu
S03714,Sf4sraSUQm0Y,rahul.das714@student.edu
S03715,yBK1DjMfFhbd,nikhil.iyer715@student.edu
S03716,PZqTMqb53QGD,meera.sharma716@student.edu
S03717,SZ4NJPZNmEDw,nikhil.patel717@student.edu
S03718,38wtKYDr4RBv,priya.menon718@student.edu
S03719,24zLQycwIPSZ,rahul.kumar719@student.edu
S03721,BWgJCM586TvN,anand.kumar721@student.edu
S03722,M2d1g2FQiavk,priya.das722@student.edu
S03723,VOvpZhY67Mmk,vishnu.gupta723@student.edu
S03724,EMqRUWwWr2l5,vishnu.sharma724@student.edu
S03725,jmkjGVEBjhHt,vishnu.menon725@student.edu
S03726,KdzC2c4yShkx,sneha.iyer726@student.edu
S03727,gbUoijvIZ36j,pooja.pillai727@student.edu
S03728,vYz5teUU5sv1,aditya.das728@student.edu
S03729,Wix2uAiPP6W3,aditya.gupta729@student.edu
S03730,WOwbzfFTuBqv,anjali.sharma730@student.edu
S03731,bTLeMM4CqeK1,anand.gupta731@student.edu
S03732,1MZC2Du7jLU4,rohit.nair732@student.edu
S03733,CMV50Pgmztzp,nikhil.nair733@student.edu
S03734,4hckT0RUAxK5,sreya.patel734@student.edu
S03735,T11WBY0b0wIL,kavya.gupta735@student.edu
S03736,XyoSTDbor2E2,aishwarya.sharma736@student.edu
S03737,UUMSz5xdlIq3,sneha.pillai737@student.edu
S03738,1mHakwhzNvJ4,aishwarya.pillai738@student.edu
S03739,NzfvtVp7ELlD,aditya.das739@student.edu
S03740,eEz0cKrGGplx,neha.pillai740@student.edu
S03741,Ig3luPXnyGJI,kavya.das741@student.edu
S03742,5m1MQvzvl6Nv,aishwarya.das742@student.edu
S03743,ZGvHQRzReWPU,neha.nair743@student.edu
S03744,IeILYBoGmZQc,vishnu.menon744@student.edu
S03745,3aQKf1g0VJHM,kavya.reddy745@student.edu
S03746,XbXotZSmZdey,akhil.patel746@student.edu
S03747,GkTrlmtBai6m,divya.reddy747@student.edu
S07748,3EP1QYNXRQ2r,nikhil.das748@student.edu
S03749,xfRpu1XueAf5,pooja.gupta749@student.edu
S03750,25vjxYPxmHeO,rahul.sharma750@student.edu
S03752,H5njMukgHvX3,divya.kumar752@student.edu
S03753,0TnQq9HvNV7t,aditya.gupta753@student.edu
S03754,W6Adfa6OiNnl,divya.patel754@student.edu
S03755,QhQZU6birOwY,sanjay.reddy755@student.edu
S03756,yGZhkXx8ZyZa,akhil.menon756@student.edu
S03757,y3x7bQXSRXB2,neha.kumar757@student.edu
S03758,pVJdBSLpTQeL,pooja.kumar758@student.edu
S03759,j9Vv16exU1dE,vishnu.kumar759@student.edu
S03760,oNIdYogjOByq,anand.sharma760@student.edu
S03761,HRXS7qkTehDs,anjali.nair761@student.edu
S03762,vtMwXcEpT6wC,rahul.sharma762@student.edu
S03763,zHye4L8qJgNi,sreya.pillai763@student.edu
S08764,ra6md1Ml3bu1,meera.sharma764@student.edu
S03765,7M40AKTJL39d,aditya.kumar765@student.edu
S03766,J1U64e4F6teA,aditya.kumar766@student.edu
S03767,tvbGv02ZlAst,anjali.iyer767@student.edu
S03768,mvV1rYV2U3sN,sreya.menon768@student.edu
S08769,7WTx7sLAoSFV,vishnu.nair769@student.edu
S03770,IuwsuAF68jqV,meera.iyer770@student.edu
S03771,HkW32v27zeA1,sneha.iyer771@student.edu
S03772,AyHQekDpaci0,akhil.reddy772@student.edu
S03773,EAMu19FYLpWK,pooja.sharma773@student.edu
S03774,qwJq2CQonwzx,anjali.reddy774@student.edu
S03775,pBKSAAG50ESF,aishwarya.menon775@student.edu
S03776,uNSZ74CZISa1,sreya.kumar776@student.edu
S03777,D0qkmxBPG0eB,nikhil.sharma777@student.edu
S03778,SWw4HQ0ZULvB,sneha.pillai778@student.edu
S03779,jPHqjuZj7ft2,neha.menon779@student.edu
S03780,tZHTwVcKUpdh,meera.iyer780@student.edu
S03781,KKfUAQRNWMAX,vishnu.gupta781@student.edu
S03782,G9LimVPBZqA6,anand.reddy782@student.edu
S03783,z3F5S82GRMbZ,anand.reddy783@student.edu
S03784,UoHvgiWZFibh,sanjay.reddy784@student.edu
S03785,b4sNWaL07eWX,pooja.menon785@student.edu
S03786,KHi0aeQLaCzh,meera.sharma786@student.edu
S03787,o43wBi0wfUmV,aishwarya.kumar787@student.edu
S03788,dxXr9zZ6wcQJ,pooja.nair788@student.edu
S03789,XhrUN75IPN4T,neha.menon789@student.edu
S03790,ArBEsUSYaNAy,priya.das790@student.edu
S03791,HtcVgddiQNaD,nikhil.iyer791@student.edu
S03792,ajeJyOfB0lYR,sanjay.gupta792@student.edu
S03793,NbJR1JgqQWQx,sanjay.sharma793@student.edu
S03794,M3BsUbS5MQog,neha.patel794@student.edu
S03795,E8r0gywt1KRS,priya.das795@student.edu
S03796,gf9suit0geEo,sanjay.das796@student.edu
S03797,lCPQkbbAPEpF,aditya.gupta797@student.edu
S03798,boczBovfZ3YT,aishwarya.gupta798@student.edu
S03799,3VSEe368e6AJ,nikhil.sharma799@student.edu
S03800,NnSqbxG6yLtP,divya.gupta800@student.edu
S03801,xOp0fDvKWBzI,rahul.sharma801@student.edu
S03802,kOkHimv3eJoC,kiran.iyer802@student.edu
S03803,5HJ4IktFTfMj,rahul.kumar803@student.edu
S03804,H9P4Daj9JzhJ,pooja.sharma804@student.edu
S08805,Rgr3bL0SpXB0,anjali.nair805@student.edu
S03806,EPY0NKHQJ1NP,meera.reddy806@student.edu
S03807,X9kFU9uYvOq6,kiran.reddy807@student.edu
S03808,X0hMKr7ICEFx,divya.das808@student.edu
S03809,z0f3BFAKTb4S,vishnu.kumar809@student.edu
S03810,pQJbXMxaIq9j,aditya.menon810@student.edu
S03811,zHdE3oegdohR,neha.gupta811@student.edu
S03812,LBo6WolSPInd,aditya.nair812@student.edu
S03813,8hgYCiXyZe4W,aditya.patel813@student.edu
S03814,7XIl2gKC6OG5,rahul.nair814@student.edu
S03815,LwnqgI8YdyDJ,anjali.sharma815@student.edu
S03816,J0zMRKLb96js,arjun.menon816@student.edu
S03817,chJAQBalWsln,sreya.pillai817@student.edu
S03818,JSst1ELvsHeY,priya.kumar818@student.edu
S03819,DiOOTcoGxBAo,nikhil.menon819@student.edu
S03820,g9SqlkNMqewp,priya.patel820@student.edu
S03821,Ig7aJZ8M50DI,kiran.nair821@student.edu
S03822,fl8h6mqhaTXP,vishnu.sharma822@student.edu
S03823,6xUMjU6drmub,neha.patel823@student.edu
S03824,xL9DHuzeabc3,aditya.menon824@student.edu
S03825,2X6GyPAj017J,sneha.iyer825@student.edu
S03826,NvuoCLXFgdSH,pooja.pillai826@student.edu
S03827,jQxobfATYZf9,neha.patel827@student.edu
S03828,RSF64zFJnXhm,rohit.nair828@student.edu
S03829,zNXDqxA2LLKk,sreya.reddy829@student.edu
S03830,n2k1BFi9X51f,anand.das830@student.edu
S03831,FCSzliig2Wkt,anand.reddy831@student.edu
S03832,gCNwMUSL5rJs,sneha.kumar832@student.edu
S03833,x0azOtkJUKSJ,pooja.iyer833@student.edu
S03834,1h7R7braKNJ0,kavya.nair834@student.edu
S03835,vFBB8C6x8xpp,arjun.pillai835@student.edu
S03836,qcXyAu21HsL2,meera.pillai836@student.edu
S03837,bMnT039uvYvi,meera.reddy837@student.edu
S03838,0IVeKpK9att8,aditya.sharma838@student.edu
S03839,Hcmtjubzyril,pooja.das839@student.edu
S03840,vpfzKEDpNnu4,sreya.patel840@student.edu
S03841,CYEWbBnpq9TF,aditya.pillai841@student.edu
S03842,tACwPfeqzQT9,rohit.pillai842@student.edu
S03843,UG98VhobcDk6,rahul.gupta843@student.edu
S03844,A3eQgn6Z00uG,sneha.menon844@student.edu
S03845,fhSeNpjt4EUh,arjun.menon845@student.edu
S03846,aHYsCoDbngXf,divya.patel846@student.edu
S03847,Jq2tkhqyii2X,sanjay.iyer847@student.edu
S03848,AKu7UXbrNvK1,rahul.patel848@student.edu
S03849,9anpZvpF2Bz8,sneha.sharma849@student.edu
S03850,qHILHKKe2BzI,sanjay.menon850@student.edu
S03851,AAy438fWX1g3,kavya.pillai851@student.edu
S03852,pX8fXmgadJf9,neha.pillai852@student.edu
S03853,ocppWTK7y983,vishnu.menon853@student.edu
S03854,qFpvWmmfjxnT,aditya.pillai854@student.edu
S03855,peOiTmQwppeq,sanjay.reddy855@student.edu
S03856,E82d38kCfGsl,vishnu.nair856@student.edu
S03857,l4PQK6xEZsve,anjali.das857@student.edu
S03858,ekD9CRP2wyAe,divya.patel858@student.edu
S03859,69wPJdM95E40,anand.nair859@student.edu
S03860,7POZo7O0TO2M,vishnu.gupta860@student.edu
S03861,DqQy8p5XhnJq,anand.iyer861@student.edu
S03862,Jx9uT2xASL71,divya.patel862@student.edu
S03863,zMgEhl146pU7,sreya.menon863@student.edu
S03864,5m9GizGdKwr5,aishwarya.sharma864@student.edu
S03865,fjbjhfFRo8gg,anand.iyer865@student.edu
S03866,PVPhGAZvIoU7,rohit.sharma866@student.edu
S03867,T6H8VFPKl6mV,priya.nair867@student.edu
S03868,MCGDoDeKBbLc,divya.nair868@student.edu
S04869,Hfwv9S0PnUEq,kavya.das869@student.edu
S03870,ZYTYTzQJYX3r,sanjay.patel870@student.edu
S03871,A8n35edkIVGh,sneha.patel871@student.edu
S03872,PRlXtWmxjkss,aditya.kumar872@student.edu
S03873,Y0D4g78lGW1Q,aditya.gupta873@student.edu
S03874,ztSFkmkmEpsx,aditya.menon874@student.edu
S03875,rfEIfaBWHpnQ,aishwarya.reddy875@student.edu
S03876,P3FDRxWuauE4,divya.menon876@student.edu
S03877,4YYaI89UKo9i,akhil.menon877@student.edu
S06878,scviWMhSu1Hl,aishwarya.patel878@student.edu
S03879,Z2ICSY0Sx8KS,kiran.menon879@student.edu
S03880,gAwv2gKMki9v,anand.kumar880@student.edu
S03881,Rff8DKKlEVr8,vishnu.nair881@student.edu
S03882,HNpaJS2j3LzA,vishnu.menon882@student.edu
S03883,ZwVsvasUmKnM,anand.kumar883@student.edu
S03884,WgLS5QDP2ZyL,priya.das884@student.edu
S03885,8r1cUi0YqFvW,sreya.das885@student.edu
S03886,S7B3Ws3w1hVd,meera.reddy886@student.edu
S03887,pY5uRwRIfYii,rohit.pillai887@student.edu
S03888,MqSX2Qj03jbj,sreya.nair888@student.edu
S03889,R7BwBQMF02Of,anand.gupta889@student.edu
S03890,A5vmSNOwzTvl,vishnu.das890@student.edu
S03891,2BIMT42D3ir2,kiran.gupta891@student.edu
S03892,xtRQJB49ZxUd,kiran.das892@student.edu
S03893,K5ESFJOGc7FB,akhil.reddy893@student.edu
S03894,sknLE0NcuXzv,kiran.menon894@student.edu
S03895,CUBdVSMvm0Nm,sneha.gupta895@student.edu
S03896,5w68D2IUcrGe,rohit.kumar896@student.edu
S03897,thid6l7pYBYI,anjali.pillai897@student.edu
S03898,gawaxj0jLT5A,vishnu.gupta898@student.edu
S03899,mVFbaDJ80yoq,sneha.nair899@student.edu
S03900,HEWMYR4LQoWX,akhil.patel900@student.edu
S03901,raRiDRteyP6Z,priya.nair901@student.edu
S03902,Lk0VGPI78vgN,neha.iyer902@student.edu
S03903,Qo8MGvN0mgyw,arjun.iyer903@student.edu
S03904,Q4gCtQgLY1KT,vishnu.das904@student.edu
S03905,NuB2kvDhkFLf,akhil.sharma905@student.edu
S03906,IdxdQKQnxNs5,sneha.iyer906@student.edu
S03907,GYH7mJLtFm1L,kiran.kumar907@student.edu
S03908,tTrRrdqngrJM,aishwarya.gupta908@student.edu
S03909,bB7yzEjyz3W8,kavya.nair909@student.edu
S03910,4hQh047QAzg6,pooja.reddy910@student.edu
S03911,MpgfvzGYo1Pn,anand.menon911@student.edu
S03912,ppKh11rtuMuw,arjun.sharma912@student.edu
S03913,dT9htfgW1xP9,rahul.iyer913@student.edu
S03914,itTLOmQWNEPA,arjun.patel914@student.edu
S03915,FmxZw06XKtmG,aditya.das915@student.edu
S03916,869RV1dyKJZk,arjun.kumar916@student.edu
S03917,VhrKwRk1FxeW,rahul.sharma917@student.edu
S03918,utmEcaS3ghQ1,anand.das918@student.edu
S08919,XLdVmZkwQjB2,neha.kumar919@student.edu
S03920,Cm3EJThwvx2x,akhil.gupta920@student.edu
S03921,xDTdxS0FMwj7,neha.kumar921@student.edu
S03922,UlGAbiuYQuZl,vishnu.menon922@student.edu
S03923,eOHR0eEwI4CU,nikhil.kumar923@student.edu
S03924,XbmKJNc9CRWP,pooja.kumar924@student.edu
S03925,XPNoEtTyWk9S,meera.reddy925@student.edu
S03926,iTzKyVqSz67x,aishwarya.iyer926@student.edu
S03927,shs6U7lC1iU4,rahul.iyer927@student.edu
S03928,Azy6KMF3MNXH,vishnu.iyer928@student.edu
S03929,48fdC0aGPoOU,sneha.patel929@student.edu
S03930,Gn5Z86rPX6QP,rahul.pillai930@student.edu
S03931,IoDszuP41VQE,aishwarya.kumar931@student.edu
S03932,O4LhFEbIR0Lv,nikhil.patel932@student.edu
S03933,tQWumapDoDi8,arjun.pillai933@student.edu
S03934,KThMDvuJUq8A,akhil.nair934@student.edu
S03935,fSjis92ZHJXT,rohit.reddy935@student.edu
S03936,oM49uAkVF2KY,anand.sharma936@student.edu
S03937,pKdDnBSVAzmM,rahul.das937@student.edu
S03938,ffmYZanlCtP5,meera.reddy938@student.edu
S03939,QqKOfe6HNehR,anjali.sharma939@student.edu
S03940,KvJnSzKLbBg8,sreya.reddy940@student.edu
S03941,ojJvArIYoWdl,arjun.patel941@student.edu
S03942,LpDmrFSieJmZ,neha.iyer942@student.edu
S03943,ZIWsyaIKjXmh,sanjay.nair943@student.edu
S03944,brbkFGTt6QhG,anjali.pillai944@student.edu
S03945,ANlYDOdAKAej,kiran.reddy945@student.edu
S03946,CHGQXyt1ichU,sanjay.kumar946@student.edu
S03947,9IogsZ91WcDw,divya.reddy947@student.edu
S03948,zdPOXgp0Wi8M,kiran.sharma948@student.edu
S03949,lZjmTeaIJstl,sanjay.patel949@student.edu
S03950,VZeo9CJ2XtVc,aishwarya.kumar950@student.edu
S03951,8PzrovCqXyw9,sreya.sharma951@student.edu
S03952,01AxdCM6hnjV,aishwarya.menon952@student.edu
S03953,MWgdj0ishXSo,aishwarya.pillai953@student.edu
S03954,jivvGhxT6ncR,akhil.menon954@student.edu
S03955,y4wCE9mFhCos,neha.das955@student.edu
S03956,NZNtRzKQrzoE,rohit.patel956@student.edu
S03957,1s57r8NpdBwq,rohit.menon957@student.edu
S03958,OWrGlkI3GezP,akhil.sharma958@student.edu
S03959,uDE9WYuKiBZ4,akhil.pillai959@student.edu
S03960,nP0xvZxN29ae,anjali.menon960@student.edu
S03961,Hv72nC9AcDSs,arjun.menon961@student.edu
S03962,Mw7UneM4R2ZH,meera.kumar962@student.edu
S03963,81ueNTe1w4LY,arjun.kumar963@student.edu
S03964,y6sQZcxgjerY,meera.gupta964@student.edu
S03965,OHio2KFuTCpi,nikhil.pillai965@student.edu
S07966,1GoOOXqGSwNW,kiran.menon966@student.edu
S03967,sqnz1uKUbAjO,aishwarya.gupta967@student.edu
S03968,nU6WCV74DABF,vishnu.kumar968@student.edu
S03969,436VuAwceN7Y,divya.nair969@student.edu
S03970,mHwWBBB6gsJG,vishnu.iyer970@student.edu
S03971,jM229xLN3Wzt,anand.kumar971@student.edu
S03973,MzdY0bEJSfzA,divya.iyer973@student.edu
S03974,BTV30W60RVhQ,vishnu.reddy974@student.edu
S03975,X6mvOsBUWGF1,pooja.kumar975@student.edu
S03976,qcU39oySrF3X,anjali.kumar976@student.edu
S03977,LNW5tyoT4fZF,aishwarya.nair977@student.edu
S03978,01aq2xSuLG3k,sreya.sharma978@student.edu
S03979,HykICOi3fEng,anand.reddy979@student.edu
S03980,uZW449pH1LcP,nikhil.menon980@student.edu
S03981,IZ2p7NBT9sYq,nikhil.nair981@student.edu
S03982,oay1PgsaFAWW,meera.nair982@student.edu
S03983,LguINCPGAWn6,aditya.gupta983@student.edu
S03984,YRkmje9wXuV7,arjun.nair984@student.edu
S03985,ck9fmsMxBuH5,meera.kumar985@student.edu
S08986,nRiEuA5cZur2,meera.reddy986@student.edu
S03987,DWj8RuK0JR60,sneha.das987@student.edu
S03988,74hNHU7uh2kx,arjun.menon988@student.edu
S03989,59rQUK2LDg9F,arjun.pillai989@student.edu
S03990,0EsFFxrFvn8v,meera.reddy990@student.edu
S03991,LJF6n0OAIYQO,nikhil.pillai991@student.edu
S03992,dGWgxD5762C4,vishnu.pillai992@student.edu
S03993,ikQPOhajYkTr,aditya.kumar993@student.edu
S03994,gPwEyFRyLUPN,anand.kumar994@student.edu
S03995,QlHQcDIoezKC,sreya.gupta995@student.edu
S03996,ewwPIf3c1rhM,rohit.sharma996@student.edu
S03997,iv4tsSjA4AcH,rahul.menon997@student.edu
S03998,SoA5onOZ5FxJ,kavya.sharma998@student.edu
S03999,FfzIhEiHoOmR,akhil.gupta999@student.edu
S04000,BM8T5cHXFChb,sanjay.kumar000@student.edu
S04001,lsTqfbVXH2Og,priya.menon001@student.edu
S04002,96Uc79XcXKdb,sanjay.patel002@student.edu
S04003,PtARLKvUhG7c,meera.gupta003@student.edu
S06004,rdeks0Izkp2Z,sneha.das004@student.edu
S04005,Z48UExPJNjOy,vishnu.kumar005@student.edu
S04006,ym6ci5rhysHQ,aditya.sharma006@student.edu
S04007,g6bvl251tdRz,aditya.iyer007@student.edu
S04008,pIpKDkufShbj,sreya.gupta008@student.edu
S04009,i5QtqYwUDZxX,sanjay.patel009@student.edu
S04010,ghHwO1dEtnFu,kavya.gupta010@student.edu
S04011,pdMiTD6yG3lr,sanjay.das011@student.edu
S04012,Pts0dGRDksxY,divya.menon012@student.edu
S04013,nV58ii4WTbXt,anand.das013@student.edu
S04014,xJ7eIWMKq3g8,kavya.das014@student.edu
S04015,UeCSSdss13dA,sreya.pillai015@student.edu
S04016,WlCSgqVbibuH,priya.menon016@student.edu
S04017,6gejDtwksIIJ,anand.sharma017@student.edu
S04018,B3YWCc4smxjy,kavya.iyer018@student.edu
S04019,LdabbwL04QiZ,kiran.reddy019@student.edu
S04020,MqnvC2F4fhKx,divya.patel020@student.edu
S04021,x1eGubbAcpbr,neha.gupta021@student.edu
S04022,aBHsRc70KqSH,aditya.nair022@student.edu
S04023,l7HMWYzOctPQ,kavya.kumar023@student.edu
S04024,qNQkSxp4Pmkf,priya.kumar024@student.edu
S04025,o4F5fviniE8a,rohit.nair025@student.edu
S04026,CIHiZzb8IHIA,kiran.reddy026@student.edu
S04027,23tHzL5KswIK,vishnu.das027@student.edu
S04028,YEuaVubZOxBw,rahul.nair028@student.edu
S04029,KwF6mtxspuHC,priya.das029@student.edu
S04030,amdVcYGxLw9u,rohit.gupta030@student.edu
S04031,1QBTAUjBeQLg,priya.nair031@student.edu
S04032,4RlXCKkY2z3Z,priya.nair032@student.edu
S04033,DFRH9UK48NFC,rahul.patel033@student.edu
S04034,cYgbfr5VyXUq,neha.iyer034@student.edu
S04035,fUkA83nzzk6B,aishwarya.reddy035@student.edu
S04036,HYcnGU5GKw9s,kavya.sharma036@student.edu
S09037,GdOTL4G7YMR1,priya.kumar037@student.edu
S04038,f5szfTW5CZpX,sreya.sharma038@student.edu
S04039,ZePRc6WJcvhq,rohit.reddy039@student.edu
S04040,beFPdKkVkM4h,anand.menon040@student.edu
S04041,P7gZe38idnYK,meera.gupta041@student.edu
S04042,iLgtpCD3IDGR,divya.iyer042@student.edu
S04043,Q4rJNxWdTRPH,rahul.gupta043@student.edu
S04044,wUefg9GtAeaD,akhil.sharma044@student.edu
S04045,cizAJYQ2j2IC,divya.patel045@student.edu
S04046,eSm44Jsf3aVh,priya.reddy046@student.edu
S04047,NLlhvsQDxe7K,rahul.nair047@student.edu
S04048,pGsE25B8Ei7u,vishnu.das048@student.edu
S04049,WN6juhrf4MKG,sanjay.sharma049@student.edu
S04050,E0N3Yw8RtsWv,aditya.das050@student.edu
S04051,C4C2VQzCZ8dD,nikhil.sharma051@student.edu
S04052,m5c7jzYzpYpS,sreya.patel052@student.edu
S04053,KHG0eyBHFuVI,priya.kumar053@student.edu
S04054,6y6Hh1EzOeJ2,aishwarya.nair054@student.edu
S04055,iJhMLD9ryYDQ,kiran.iyer055@student.edu
S04056,w40OAdwJruGK,kiran.gupta056@student.edu
S04057,BzJMOAd3GUq5,kavya.iyer057@student.edu
S04058,mZlQ1tfIXBIH,anjali.gupta058@student.edu
S04059,Y4yRueq8ewBJ,vishnu.menon059@student.edu
S04060,jnx7R8e97ZyQ,aishwarya.nair060@student.edu
S04061,ZQun3bZX0pzJ,kavya.reddy061@student.edu
S04062,PgTvjceNrLz8,kavya.das062@student.edu
S04063,1ftwwUzjrHBh,neha.patel063@student.edu
S04064,V6yrDCHsjxGZ,pooja.menon064@student.edu
S04065,CQi3qc9SQrEB,sreya.das065@student.edu
S04066,vOgLh90qWLJq,divya.menon066@student.edu
S04067,58qxzqfGjdxa,sneha.kumar067@student.edu
S06068,Zoqjl7NgAMT7,anjali.patel068@student.edu
S04069,DfuCJaOsqjnE,pooja.pillai069@student.edu
S04070,cKguJb4LhGKT,anjali.gupta070@student.edu
S04071,dbXgB35mgSbk,divya.menon071@student.edu
S04072,QV0HcCPO7868,aditya.sharma072@student.edu
S04073,lBkKlCxjYhBa,neha.pillai073@student.edu
S04074,HiMbnZ1NTTSC,anand.nair074@student.edu
S04076,Ts9DVluBRTSr,rahul.kumar076@student.edu
S04077,yQTEnGP7kZoy,akhil.iyer077@student.edu
S04078,qnQv18nEt6IF,sneha.reddy078@student.edu
S04079,wCEOnp2V4dRm,nikhil.menon079@student.edu
S04080,AcUbF8s7REc8,arjun.reddy080@student.edu
S04081,8NzizTtJORIq,aishwarya.menon081@student.edu
S04082,U6bXfc2qHsWE,sneha.iyer082@student.edu
S04083,oIQ4wsNM5XPu,rahul.das083@student.edu
S04084,ZvHurugSFoMW,rahul.gupta084@student.edu
S04085,jKAsTJC8HaMI,divya.menon085@student.edu
S04087,uI9qCxQGIWtj,nikhil.kumar087@student.edu
S04088,W332QyCwRBYD,pooja.reddy088@student.edu
S04089,MXPHoGe7IuX5,anand.sharma089@student.edu
S04090,gfhqCH3YTqSu,meera.das090@student.edu
S04091,3zfmYo7GfaxG,anand.patel091@student.edu
S04092,ChlWnVxG4HhU,neha.pillai092@student.edu
S04093,vd8NuhYlLKOF,priya.sharma093@student.edu
S04094,SOf8W6he8iln,rohit.patel094@student.edu
S04095,f63lSepV3333,neha.sharma095@student.edu
S04096,lZb4NEbuCgSg,neha.patel096@student.edu
S04097,IFhnusriZ85C,kiran.gupta097@student.edu
S04098,8jqfwGk3KeSA,kiran.iyer098@student.edu
S04099,pVWVAybw8inw,kavya.pillai099@student.edu
S04100,qiAco1fGKTKh,akhil.iyer100@student.edu
S04101,DzJwG3IFUvt5,sneha.patel101@student.edu
S04102,IICdAplH8jRh,aishwarya.nair102@student.edu
S04103,OgANb6TcPVyb,rahul.kumar103@student.edu
S04104,MBUjGLifhMCe,vishnu.iyer104@student.edu
S04105,YvxsYhurs07p,kiran.pillai105@student.edu
S04107,XrAvPmlA73kE,rahul.das107@student.edu
S04108,AfItDA0Iivbp,sreya.patel108@student.edu
S05109,2nUBm5TOkDBI,akhil.kumar109@student.edu
S04110,ueCsfxo212zj,arjun.pillai110@student.edu
S04111,PBqrTIg5oetF,sreya.pillai111@student.edu
S04112,j7CxMMNini84,sreya.iyer112@student.edu
S04113,eOt5g7LIkB0g,sreya.pillai113@student.edu
S04114,DnmQtML3OnQP,aishwarya.iyer114@student.edu
S04115,zFXsdwuP7jpA,neha.gupta115@student.edu
S04116,EEn1JTuXdshJ,sreya.kumar116@student.edu
S04117,5fIPIp9xxSI4,sreya.kumar117@student.edu
S04118,BQeUn5lEQS9w,sneha.patel118@student.edu
S04120,GEH4ViiU1FOU,priya.iyer120@student.edu
S04121,D7uoI5gFzx3r,nikhil.das121@student.edu
S04122,jfc448Pu1I0o,akhil.patel122@student.edu
S04123,mySOa1rMawh5,akhil.kumar123@student.edu
S04124,vmgZPQzy5eLr,divya.das124@student.edu
S04125,lWXTQo1VLTun,sneha.das125@student.edu
S04126,hokq4PkD5SfQ,rahul.kumar126@student.edu
S04127,sSbYBEPkaqU3,rohit.sharma127@student.edu
S04128,cQePbg4uAPcW,anjali.menon128@student.edu
S04129,8mDz9hz9Q1L1,kavya.nair129@student.edu
S04130,MxBlKCOR9T0W,sanjay.pillai130@student.edu
S04131,dSCMB1t6FP2k,vishnu.sharma131@student.edu
S04132,sfwYbqFgVxSS,meera.das132@student.edu
S04133,nhhJJXDgM4u0,anand.kumar133@student.edu
S04134,FqMOBcgLUZyU,rohit.reddy134@student.edu
S04135,ztXEBWcscElv,aishwarya.sharma135@student.edu
S04136,L1lTepcEdS00,pooja.gupta136@student.edu
S04137,y22q0H2YeXT6,divya.pillai137@student.edu
S04138,jB3YFKxC0joi,meera.kumar138@student.edu
S04139,FV0wsAo4L01M,vishnu.iyer139@student.edu
S04140,vek3QWqaVc9B,sneha.reddy140@student.edu
S04141,vb4vIVKD24uP,pooja.iyer141@student.edu
S04142,vQJFBGTPF4EW,rahul.das142@student.edu
S04143,tMdSSIAnorHh,divya.gupta143@student.edu
S04144,ghejba7ZJJKK,aishwarya.reddy144@student.edu
S04145,z5r2ZafSdN84,anjali.patel145@student.edu
S04146,VdMMtumd8GvZ,akhil.kumar146@student.edu
S04147,b1nz5b6MMsjZ,sanjay.menon147@student.edu
S04148,JUcw9rWZT1of,aishwarya.nair148@student.edu
S04149,7TN2Nd4gfPRR,rahul.sharma149@student.edu
S04150,bxsqn1GLi6dn,aishwarya.reddy150@student.edu
S04151,9dPI3KXB9kMK,kavya.pillai151@student.edu
S04152,YG5FUGYRB6v7,sreya.pillai152@student.edu
S04153,imbKTVQrZmpa,aditya.nair153@student.edu
S04154,Up5e9W46jEl5,anjali.patel154@student.edu
S04155,VSDRdj5eS9nD,rahul.menon155@student.edu
S04156,ofXX3n17PYjD,kavya.nair156@student.edu
S04157,avT2Nhie4yIz,kiran.kumar157@student.edu
S04158,BHnWpYkgQAIA,vishnu.pillai158@student.edu
S04159,GBw5WMw4vqZF,arjun.patel159@student.edu
S04160,0pkTRGxNZBS9,kiran.nair160@student.edu
S04161,wVGH5NjRlXqo,sneha.sharma161@student.edu
S04162,qPRjTxVK6LWJ,neha.menon162@student.edu
S04163,gm5chrAzRBZM,akhil.menon163@student.edu
S04164,BlYsME5s56Wb,meera.menon164@student.edu
S04165,sCiKxVD6NMBN,sreya.pillai165@student.edu
S04166,LkjCSt8WPY9L,meera.menon166@student.edu
S04167,ZCType3RYYgQ,arjun.das167@student.edu
S04168,6yfMmtnVaaiW,aishwarya.gupta168@student.edu
S04169,JSWTDoNWBimR,aditya.menon169@student.edu
S04170,IctcDEKADftf,meera.gupta170@student.edu
S04171,WXoJv5PFGKp3,sanjay.sharma171@student.edu
S04172,VHT8oKJvpzv0,pooja.menon172@student.edu
S04173,4sTF6IW7Eo2I,akhil.pillai173@student.edu
S04174,eye4TKcrQa69,arjun.iyer174@student.edu
S04175,aE19i7g70MmO,aditya.pillai175@student.edu
S04176,HOwLrUN6TbeG,sreya.iyer176@student.edu
S04177,JM3thnavEJjx,aishwarya.nair177@student.edu
S04178,gMA3tgK5aTAT,sreya.pillai178@student.edu
S04179,Mxtf0QGyiyCg,sreya.das179@student.edu
S04180,TycfURTiKpeE,meera.gupta180@student.edu
S04181,xRKiapThbj7v,neha.patel181@student.edu
S04182,NRhf0Zivujvl,rohit.kumar182@student.edu
S04183,O7x7Gj5hqVHU,pooja.das183@student.edu
S04184,cwFdpATG1vwG,akhil.kumar184@student.edu
S04185,sR6UC7cXko4m,meera.iyer185@student.edu
S04186,5GhoRbGhTfmP,arjun.reddy186@student.edu
S04187,EsK7LZctM2f0,sanjay.das187@student.edu
S04188,fO2gdWSlDfAL,divya.menon188@student.edu
S04189,OmuDZXEv5OMy,priya.das189@student.edu
S04190,7lvilOKqlbO9,anand.gupta190@student.edu
S04191,UOIfqgVa1bjP,kiran.sharma191@student.edu
S04192,IEmkPevherU9,nikhil.iyer192@student.edu
S04193,DkuSlKOWxzSH,aishwarya.nair193@student.edu
S04194,ZEn0JHjZYJjp,sneha.menon194@student.edu
S04195,freQlTA6gDJB,anjali.patel195@student.edu
S04196,csI6NCzRJLAO,sreya.iyer196@student.edu
S04197,t23Tj4TXiYOa,arjun.pillai197@student.edu
S04198,QuxgNwDE0ujG,nikhil.menon198@student.edu
S04199,db6StrI0XYnq,akhil.iyer199@student.edu
S04200,fszJeJGFgelx,sanjay.patel200@student.edu
S04201,kRdyrLmWD7X2,kiran.sharma201@student.edu
S04202,AapCB4GnDAgJ,akhil.kumar202@student.edu
S04203,QM7nF9h6Zim1,divya.gupta203@student.edu
S04204,ryIjStDRjhqg,anjali.pillai204@student.edu
S04205,JjTrlu0paIg2,aditya.patel205@student.edu
S04206,pFHCDdSFI6NE,nikhil.das206@student.edu
S04207,8UHiO95SnmLB,rohit.patel207@student.edu
S04208,XmhaVdOTux5L,divya.iyer208@student.edu
S04209,K47lASYe7AoF,nikhil.sharma209@student.edu
S04210,vlsiOdsE3ZdR,meera.iyer210@student.edu
S04211,zbh7NU53dsJl,kiran.pillai211@student.edu
S04212,JekALjNEF17o,akhil.das212@student.edu
S04213,CVt6hi2oD8RW,nikhil.menon213@student.edu
S04214,VLlqRnWivJ2G,kavya.pillai214@student.edu
S04215,w7Yutk1ZHPcs,vishnu.kumar215@student.edu
S06216,IDJ73yctcCCT,sanjay.menon216@student.edu
S04217,UjST0StFtxqL,kavya.iyer217@student.edu
S04218,l6BskdQgPlSA,divya.pillai218@student.edu
S04219,rOsuEvNbBZhs,rahul.sharma219@student.edu
S04220,J6B2XfP630cF,priya.gupta220@student.edu
S04221,Ms4pVQzdb2DJ,aishwarya.pillai221@student.edu
S04222,geyLt2MmjUmZ,kavya.pillai222@student.edu
S04223,HzNybjpgeC4k,priya.nair223@student.edu
S04224,wOYUI9ouHaDG,meera.reddy224@student.edu
S04225,Ys99Cuxe28xL,priya.kumar225@student.edu
S04226,SBPe3mow5qeJ,anjali.das226@student.edu
S04228,9tOYytJyK7yW,arjun.gupta228@student.edu
S04229,88jD5PqPC7L0,divya.nair229@student.edu
S04230,0zKvdZI3F3ot,sreya.menon230@student.edu
S04231,ACSYoSNP2hu0,anand.patel231@student.edu
S04232,Ec1YLH0eB2ut,rahul.reddy232@student.edu
S04233,CysvZZIo8va5,sreya.sharma233@student.edu
S04234,fe6XY59zbs1e,anand.gupta234@student.edu
S04235,ZpqRP6afSUv4,kiran.sharma235@student.edu
S04236,zJlNCbwGfIz3,anand.kumar236@student.edu
S04237,cWlXvrdmox3L,anand.patel237@student.edu
S04238,E15cRnYRmbIV,meera.pillai238@student.edu
S04239,I1GEAFrGVZCd,rahul.menon239@student.edu
S04240,PQS4HVMSraqr,sneha.patel240@student.edu
S04241,N04ROVgxruBm,arjun.patel241@student.edu
S04242,j0220g8Ti87J,sreya.sharma242@student.edu
S04243,v2sXdPUUkM3W,akhil.nair243@student.edu
S04244,Oe7CZkV4ZajK,vishnu.kumar244@student.edu
S04245,QY3pfvWLyybp,rohit.reddy245@student.edu
S04246,41z5a7OZLe7F,arjun.nair246@student.edu
S04247,LFlJzPLxEcRK,aishwarya.nair247@student.edu
S04248,WlPML8D2Awcb,arjun.patel248@student.edu
S04249,YDg3F9klo2gj,aditya.sharma249@student.edu
S04250,qpSwpMEBI4o0,arjun.iyer250@student.edu
S04251,3u9WzxT09wz7,sreya.pillai251@student.edu
S05252,rOUyYHBtLD5h,akhil.das252@student.edu
S04253,pSPqTJLWzIhD,rahul.reddy253@student.edu
S04254,n4JnKASIc5kB,akhil.kumar254@student.edu
S04255,Z0DbD7FfWu3r,sreya.pillai255@student.edu
S04256,bhV3oQfQ2IzU,priya.reddy256@student.edu
S07257,8TEMS8UHoqK6,arjun.menon257@student.edu
S04258,sRcDFsFomODQ,sneha.reddy258@student.edu
S04259,kaVFJm8H30X9,aishwarya.kumar259@student.edu
S04260,p4T1ZJ0XlydJ,kavya.kumar260@student.edu
S04261,Ica4bMKsaDQr,meera.patel261@student.edu
S04262,L8P8LoBb6zLC,pooja.kumar262@student.edu
S04263,Hjp12YIVs1GV,vishnu.iyer263@student.edu
S04264,VmW9E0DiRKT1,kiran.sharma264@student.edu
S04265,aTFiF15P2xik,sanjay.pillai265@student.edu
S04266,ouTdYTgnM8nh,pooja.das266@student.edu
S04267,vMRQUO4BvEK8,nikhil.patel267@student.edu
S04268,bBR2qdKtO3mK,rahul.patel268@student.edu
S04270,EhfTEbGWHoMM,divya.iyer270@student.edu
S04271,Uzg2mAewKqcB,kiran.iyer271@student.edu
S04272,FOV5vWdX2Ts6,aditya.gupta272@student.edu
S04273,nFYc62F0JTfh,rohit.nair273@student.edu
S04274,9YBx3LDqUQ3r,pooja.nair274@student.edu
S04275,mPImkZvZjU7I,kiran.gupta275@student.edu
S04276,CpbHITFKr1Gs,meera.pillai276@student.edu
S04277,SbaszsjzOrNq,sneha.gupta277@student.edu
S04278,0GtKKZP2wynn,akhil.sharma278@student.edu
S04279,cKi1B2rXznah,kiran.pillai279@student.edu
S04280,DdajqO8u3Ma8,divya.sharma280@student.edu
S04281,Yaou35v1Thk3,meera.patel281@student.edu
S04282,ZaNPHnp6z4Hm,arjun.gupta282@student.edu
S04283,8WorRsnOGWlH,divya.menon283@student.edu
S04284,lJ6QfuzCUUYJ,anand.das284@student.edu
S04285,6r0oLtVOeumF,aishwarya.pillai285@student.edu
S04286,iYtSG0p9mvvc,rahul.sharma286@student.edu
S04287,v51uq2Es4UYY,anand.kumar287@student.edu
S04288,oaM82hRpWPwZ,sneha.sharma288@student.edu
S04289,I7XIpjF0oCpx,nikhil.patel289@student.edu
S04290,hIJoOQmiie1i,arjun.iyer290@student.edu
S04291,nGvmYide3LxL,kavya.sharma291@student.edu
S04292,AlXsNuCNzNTr,sreya.kumar292@student.edu
S04293,Uy9x5Z4fYe7h,aishwarya.patel293@student.edu
S04294,uz8HxAV5bQ7A,rahul.patel294@student.edu
S04295,lA6v5ANdQoHG,sneha.sharma295@student.edu
S04296,C4LBOzQH1wMG,vishnu.pillai296@student.edu
S04297,88QcXldaqz13,aishwarya.das297@student.edu
S04298,klgOd26W3UEu,sneha.kumar298@student.edu
S04299,RSRPfAlyYrt6,aditya.iyer299@student.edu
S09300,7AoTeNKyNifl,aishwarya.kumar300@student.edu
S04301,GSghla0mZ63N,akhil.reddy301@student.edu
S04302,kJ3Mjx2MrfZY,aditya.nair302@student.edu
S04303,14MHwB2PZTNh,rohit.pillai303@student.edu
S04304,F7c1gR6q9v4e,anand.nair304@student.edu
S04305,L6zqhIJkeSms,anand.iyer305@student.edu
S04306,3lFEFoGFaRQ2,anjali.nair306@student.edu
S04307,JpmjRbIe9x4r,kavya.nair307@student.edu
S04308,61Dw6e4lWJEK,anand.iyer308@student.edu
S04309,fJEebpl6qAHC,kiran.gupta309@student.edu
S04310,3eYtih5qHeKe,kavya.menon310@student.edu
S04311,1ofnMVOIoNri,anjali.gupta311@student.edu
S04312,t9c1Lqqhb7wg,pooja.sharma312@student.edu
S04313,pQJL6S8HzIld,aditya.nair313@student.edu
S04314,T05fIOslTcQR,meera.das314@student.edu
S04315,zs5tP7smtIcO,aditya.patel315@student.edu
S04316,m59P4QA6Le8T,nikhil.iyer316@student.edu
S04317,KfmAK2vI9Ymo,anjali.kumar317@student.edu
S04318,6UGk4fumhPxT,aditya.nair318@student.edu
S04319,IxfRfL7eKBwZ,rahul.patel319@student.edu
S04320,Q8juJQj91ZVe,aditya.nair320@student.edu
S08321,tgcTzFBvEla7,rahul.menon321@student.edu
S04322,IIMz01uLUHHJ,vishnu.das322@student.edu
S04323,1B2yvABxUdo1,priya.das323@student.edu
S04324,rk1KfFV0vCuh,nikhil.sharma324@student.edu
S04325,mmKAs7WHXyKb,rohit.reddy325@student.edu
S04326,puqKoz10myj3,rohit.nair326@student.edu
S04327,ZSbL5Zr9W7Tf,arjun.nair327@student.edu
S04328,EqSipve3j2fp,neha.das328@student.edu
S04329,0Qs6HZN5pcVK,sneha.iyer329@student.edu
S04330,bkDOelw5EhZJ,vishnu.das330@student.edu
S04331,i6MC0LIplQyH,aditya.iyer331@student.edu
S04332,hXLJwKzlJVwj,akhil.pillai332@student.edu
S04333,EBoRA5Eld67H,anjali.das333@student.edu
S04334,ulS92fEEB3WM,kavya.gupta334@student.edu
S04335,ldBZKnFe8ebn,aditya.kumar335@student.edu
S04336,YobPqQzbLFoq,neha.iyer336@student.edu
S04337,bbBqF1SFNGM8,sneha.menon337@student.edu
S04338,OpF6xAuHh2SL,nikhil.kumar338@student.edu
S04339,K92LTGCojQA5,aditya.das339@student.edu
S04340,u9QcPPvtUW6a,anjali.patel340@student.edu
S04341,URrqqKzGx9N3,kavya.reddy341@student.edu
S04342,1Ovzc7u8xuLA,sanjay.nair342@student.edu
S04343,lF6QvJlW1Sj7,nikhil.reddy343@student.edu
S04344,ZiZFxBVcYVPV,anand.das344@student.edu
S04345,FRacClIp5GEs,anjali.reddy345@student.edu
S04346,U0ADtF244amc,aishwarya.gupta346@student.edu
S04347,xlE1jliQ1vwF,sanjay.menon347@student.edu
S04348,MdeZB4oHgPuo,neha.iyer348@student.edu
S04349,CzlciZdPiZDU,priya.menon349@student.edu
S04351,W9FogEe1hNWX,priya.iyer351@student.edu
S04352,no0HT9S4SlnI,divya.sharma352@student.edu
S04353,x3PGAcZe65ze,pooja.iyer353@student.edu
S04354,h8i66lXLP2aY,sanjay.kumar354@student.edu
S04355,HapzCFbqRIju,aditya.reddy355@student.edu
S04356,bHQtMk4cmzcC,akhil.reddy356@student.edu
S04357,ueqAWaSPdMz4,vishnu.kumar357@student.edu
S04358,0rKYCPQyFQzl,kavya.iyer358@student.edu
S04359,LIsJSDfVlxFl,sneha.nair359@student.edu
S04360,SlHUhuiW7FvI,arjun.nair360@student.edu
S04361,JbEMWATcQEuf,pooja.pillai361@student.edu
S04362,7S72jtNsM3Yu,nikhil.reddy362@student.edu
S04363,VBc5mv3l6IYW,meera.sharma363@student.edu
S04364,E2o5qxH7eQje,priya.pillai364@student.edu
S04365,FSwpHOluFibO,sanjay.kumar365@student.edu
S04366,g3ASOmuJh0k1,arjun.iyer366@student.edu
S04367,ch2cOKjQoDGm,sanjay.patel367@student.edu
S04368,R9DLw8obaq7j,anjali.reddy368@student.edu
S04369,YghFVQRrgTzU,sneha.das369@student.edu
S04370,FvcAZj7TEdSB,vishnu.menon370@student.edu
S04371,IF38AnVuAFSx,aditya.iyer371@student.edu
S04372,0L03x9VX3FjI,aditya.iyer372@student.edu
S04373,2VJtfqJ8edMc,divya.gupta373@student.edu
S09374,1MI2ThKNUmjj,arjun.pillai374@student.edu
S04375,DmlhaeExX6D1,akhil.iyer375@student.edu
S04376,kaZNA797AH50,kavya.menon376@student.edu
S04377,6fgraVMAjuQw,aditya.pillai377@student.edu
S04378,bFXmuSC4GQLO,sanjay.kumar378@student.edu
S04379,PpjWjjj27DDP,priya.pillai379@student.edu
S04380,zcGnk6vkqJJC,aishwarya.reddy380@student.edu
S04381,AVTzJ6nCTNn1,pooja.nair381@student.edu
S04382,CbNXotrjZRXy,nikhil.reddy382@student.edu
S04383,1LMmueRco8gO,rahul.gupta383@student.edu
S04384,mrG54CvkHgYn,vishnu.pillai384@student.edu
S04385,yBxRmIsCjRkW,kiran.kumar385@student.edu
S04386,qpPuhPrqvcKx,aditya.patel386@student.edu
S04387,JiGulIQNPyB9,aishwarya.iyer387@student.edu
S04388,zY5RAJmnX5Ml,meera.pillai388@student.edu
S04389,4PTxfTmNYi4f,kavya.pillai389@student.edu
S04390,vBFvS101IwuI,neha.das390@student.edu
S04391,ioZ8lteCdOUM,meera.kumar391@student.edu
S04392,y1EbngZAr3UU,aditya.nair392@student.edu
S04393,dav5Gn25iCW6,divya.nair393@student.edu
S04394,02blqzJOLnrn,kavya.patel394@student.edu
S04395,nH8wO0v5v9vu,pooja.reddy395@student.edu
S04396,QLrRiY3NN3xv,pooja.menon396@student.edu
S04397,HVwid60d9jhx,kiran.nair397@student.edu
S04399,S5slBhp7cd1w,divya.das399@student.edu
S06400,bcetKV4VPlmF,neha.kumar400@student.edu
S07401,zjhwmkYKdWIP,anand.menon401@student.edu
S04402,1fVbKv5CwQEF,aishwarya.menon402@student.edu
S04403,CpEpXv0Clj7S,akhil.gupta403@student.edu
S04404,lsoZ5tk0MOY5,arjun.patel404@student.edu
S04405,wxf1niLSCpf2,pooja.reddy405@student.edu
S04406,2RrWYNgGU7el,anand.gupta406@student.edu
S04407,mNmKZaiqZ9wQ,akhil.gupta407@student.edu
S04408,Bc2zZqbF8gXq,priya.reddy408@student.edu
S04409,zN4ZRY5fdoeI,sreya.pillai409@student.edu
S04410,rbQdzQfDxH14,priya.nair410@student.edu
S04411,ZPbOPboNQoqx,sneha.reddy411@student.edu
S04412,0wTx9hnN71fv,kiran.nair412@student.edu
S04413,eb2aXoW5lMc7,kavya.sharma413@student.edu
S04414,wN1jJOdCTIh9,rahul.reddy414@student.edu
S04415,30zP7w2hGjxs,kiran.reddy415@student.edu
S04416,noqXQ29MzpLS,vishnu.patel416@student.edu
S04417,SuiiTQXZ3Xgf,meera.iyer417@student.edu
S04418,A7f5MNAe4rH1,sanjay.kumar418@student.edu
S04419,Dq3w1sCrKpkz,divya.kumar419@student.edu
S04420,7AeGEKpp56D2,aishwarya.nair420@student.edu
S04421,VYgXhKl8b8lS,anand.pillai421@student.edu
S04422,ZEvU6I8DJP3T,sanjay.gupta422@student.edu
S04423,q4QInA3ohtTi,sneha.sharma423@student.edu
S04424,0X0G8kQJFYNe,vishnu.menon424@student.edu
S04425,Y9iBbEXidTwN,rohit.iyer425@student.edu
S04426,vF1z7NA4RmP1,sneha.patel426@student.edu
S04427,198SJBBKCSwR,sneha.gupta427@student.edu
S04428,5hWAlW6d4lDA,meera.gupta428@student.edu
S04429,dT8G7dxXyqcG,sreya.sharma429@student.edu
S07430,GaHRwrGmVIzk,aditya.sharma430@student.edu
S04431,wgG9HkqkCTqi,rohit.kumar431@student.edu
S04432,olSaNhiW5s7z,priya.reddy432@student.edu
S04433,xGt9Qru09234,sreya.das433@student.edu
S04434,Rou9ZyoNPnFO,akhil.reddy434@student.edu
S04435,M8zWtJExwAoE,vishnu.patel435@student.edu
S04436,1swuNfDM28ur,arjun.nair436@student.edu
S04437,nsxCaMu1obqj,rahul.gupta437@student.edu
S04438,fNJnpUpcxmfq,kiran.das438@student.edu
S04439,xMWVyIwJP2qo,anand.gupta439@student.edu
S04440,zijOLzhuMz17,kiran.reddy440@student.edu
S04441,xuq87EPG1DZ7,meera.pillai441@student.edu
S04442,NR48srx5ibr3,anjali.patel442@student.edu
S04443,tbQQYcPuDlNU,rahul.kumar443@student.edu
S04444,1bkWokowAZsA,sanjay.das444@student.edu
S04445,42tIx6roOCMn,rohit.nair445@student.edu
S04446,lnskDIsg60mR,anand.gupta446@student.edu
S04447,MwB7DmrUi5aR,aditya.iyer447@student.edu
S04448,nDYjWU97lYHg,aishwarya.menon448@student.edu
S04449,WMXHhpPCFrfH,divya.nair449@student.edu
S04450,uAagmyKZrN1D,meera.menon450@student.edu
S04451,qCXmsC47Gd9m,neha.iyer451@student.edu
S04452,TXb33l3KEaQe,pooja.gupta452@student.edu
S04453,FkkwrWkGI7XE,sneha.reddy453@student.edu
S04454,YWgBV0HRmX73,divya.sharma454@student.edu
S04455,pN3piffHb8m9,sneha.reddy455@student.edu
S04456,KUYtSIB3yZIC,rahul.reddy456@student.edu
S04457,51nxordfOQuz,rahul.das457@student.edu
S04458,WuZxRfHGIgQH,pooja.pillai458@student.edu
S04459,X5jOO3HK22AS,vishnu.kumar459@student.edu
S04460,WBQ4KIAnZAdC,pooja.patel460@student.edu
S04461,80Sw3uN5qhvt,arjun.das461@student.edu
S04462,EFXw0LnxOGe5,vishnu.iyer462@student.edu
S04463,cea991EWiDxR,neha.sharma463@student.edu
S04464,xIhK5hRMKzae,anand.menon464@student.edu
S04465,RWCtnUeydmFu,meera.menon465@student.edu
S04466,QBQMdjXcUJqY,aishwarya.menon466@student.edu
S04467,lFYiqhzaRq23,anjali.menon467@student.edu
S04468,7Ed6F1bmGjpj,rohit.kumar468@student.edu
S04469,u3HMZdqkr5VA,meera.menon469@student.edu
S04470,iLHwPxPEEHvY,anand.reddy470@student.edu
S04471,FFr5XfI1WfJt,divya.pillai471@student.edu
S04472,V3a9tbkY93Fp,priya.menon472@student.edu
S04473,hQLqg2FK3Gkh,nikhil.pillai473@student.edu
S04474,LAgPWxmTR8dk,akhil.iyer474@student.edu
S04475,OziYwvePJvdJ,kiran.nair475@student.edu
S04476,6C5pcWfxlHli,aditya.gupta476@student.edu
S04477,dJGUbKf9qLfy,priya.kumar477@student.edu
S04478,9p1N1rROMpgr,nikhil.gupta478@student.edu
S04479,laXRXQo6VC0J,kiran.nair479@student.edu
S04480,Urdg1i0fnhMt,kiran.pillai480@student.edu
S04481,FqmnleEhh40I,priya.pillai481@student.edu
S04482,TUtiWn7NqVKI,priya.nair482@student.edu
S04483,VrLStpnq3eON,neha.das483@student.edu
S04484,aQ8ZabRM2xRA,vishnu.gupta484@student.edu
S07485,8WGoHSBWhLkO,vishnu.patel485@student.edu
S04486,WfcXlIXC5XEj,rohit.das486@student.edu
S04487,X40DRJRPGOZY,rahul.gupta487@student.edu
S04488,9017dl5fbdZJ,priya.iyer488@student.edu
S04489,HHnD8wWGdglT,sanjay.nair489@student.edu
S04490,vgPVq4WY38ME,kiran.menon490@student.edu
S04491,jNxwOAF1rcrD,nikhil.iyer491@student.edu
S04492,Rla79PGHt0BJ,rahul.menon492@student.edu
S04493,Vqf6AZ2bEaYE,anjali.gupta493@student.edu
S04494,0ddrxY0sgwQg,meera.reddy494@student.edu
S04495,2YxnzAzNa9Hu,arjun.reddy495@student.edu
S04497,kSTByuRfRpub,aishwarya.reddy497@student.edu
S04498,irvDXllElZ6o,vishnu.pillai498@student.edu
S04499,Tqsru63BFLPK,aishwarya.menon499@student.edu
S04500,6LJtwlxaBHQZ,sreya.pillai500@student.edu
S04501,4DUt3d4udsc5,sreya.reddy501@student.edu
S04502,qt0RyE3GY6f8,aishwarya.pillai502@student.edu
S04503,o2LCLTkCa7tu,sanjay.kumar503@student.edu
S04504,2UcEq8foLEeY,nikhil.pillai504@student.edu
S04505,oAKUduiN3Zmg,aishwarya.reddy505@student.edu
S04506,BzAQEHrwLxnF,anand.sharma506@student.edu
S04507,A73cLB8Rb1xx,kavya.gupta507@student.edu
S04508,e4LeHaMDd6Nc,meera.menon508@student.edu
S04509,JybNlf57pebJ,rohit.gupta509@student.edu
S06510,KdpWaL9h13Is,meera.pillai510@student.edu
S04511,49SimQ0lKKMG,vishnu.menon511@student.edu
S04512,9ukMygNnOi0O,anjali.das512@student.edu
S04513,G4bIGc4WbQsn,sreya.reddy513@student.edu
S04514,ob6KYMesMQZ6,meera.kumar514@student.edu
S04515,BokCQhlfX1J8,priya.das515@student.edu
S04516,qIHp5fzRb7mr,kavya.nair516@student.edu
S04517,kVBXWedNB3vB,neha.reddy517@student.edu
S04518,nHyHDIsr19TG,arjun.nair518@student.edu
S07519,lZpJerXFrwlB,meera.kumar519@student.edu
S04520,RdRLtuKOPCli,sneha.sharma520@student.edu
S04521,TuG0bX5bY1PS,nikhil.kumar521@student.edu
S04522,zapOJQpCxZaK,sreya.gupta522@student.edu
S04523,0eCLbDt5KmvL,aishwarya.kumar523@student.edu
S04524,BQEtXq0jYg6e,anjali.das524@student.edu
S04526,TZujvQdlZcTv,kavya.patel526@student.edu
S04527,UVBgENPwlLvS,sreya.patel527@student.edu
S04528,zWfvj6TxvVJ5,meera.kumar528@student.edu
S04529,138x0iGMfT3R,kavya.iyer529@student.edu
S04530,hfmrUVredroK,vishnu.reddy530@student.edu
S04532,LLzG7DW8pJwE,anjali.patel532@student.edu
S04533,THjqhGIbwV47,kavya.nair533@student.edu
S04534,OlYT23wNGvJE,kiran.menon534@student.edu
S04535,dn1ngmKK0kbL,sneha.das535@student.edu
S04536,T5Kp0VfXvV8l,rahul.nair536@student.edu
S04537,xs3FmhM2Ztin,aishwarya.das537@student.edu
S04538,Vb6sCyQ5OGPX,anjali.gupta538@student.edu
S04539,KGqnMeydCLvp,kavya.das539@student.edu
S04540,jLqeoSZkyQqB,rahul.gupta540@student.edu
S04541,ew7WZjg21ZvM,aditya.kumar541@student.edu
S04542,Cp9Ps2JnmXQ3,sneha.nair542@student.edu
S04543,qfiQE0AluImD,priya.gupta543@student.edu
S04545,OC2Y5Np4EL3S,rahul.sharma545@student.edu
S04546,KBLgVq33ASWM,nikhil.menon546@student.edu
S04547,YofBhmxE1SOc,anjali.kumar547@student.edu
S04548,sfV7frMhhkvn,aditya.pillai548@student.edu
S04549,tq9HFCrPTwZ4,pooja.reddy549@student.edu
S04550,s41cTWULRlj2,kiran.iyer550@student.edu
S04551,kgxeZ3cUiijQ,sanjay.reddy551@student.edu
S04552,an8ZwA4eNvPo,arjun.menon552@student.edu
S04553,nCxdKMeMN1Lg,sneha.nair553@student.edu
S04554,mx07eEdSp8wv,pooja.nair554@student.edu
S04556,4YOGlsZqryVh,nikhil.nair556@student.edu
S04557,iuPKdq72H3Ej,akhil.patel557@student.edu
S04558,aaLkvI2hEukF,vishnu.patel558@student.edu
S04559,DFrVGvAVL2ba,pooja.menon559@student.edu
S04560,sAc44Yl61ILy,kiran.sharma560@student.edu
S04561,ZhVzAA3fDOdo,sanjay.das561@student.edu
S04562,IPoX1PhffPgZ,kavya.pillai562@student.edu
S04563,98LYygXcUdTn,aditya.patel563@student.edu
S04564,17B5UWunfeTx,sneha.menon564@student.edu
S04565,c3htQYEtKsWn,sreya.patel565@student.edu
S04566,CJDnau3WrUuj,arjun.gupta566@student.edu
S04567,mkDbxoYKcTci,arjun.patel567@student.edu
S04568,6t1Sh8AOgwLC,rohit.kumar568@student.edu
S04569,MPS4ydbDkOi5,sneha.menon569@student.edu
S04570,fZurxZF9WjZI,anjali.patel570@student.edu
S04571,8cMWwnqaThfw,sneha.kumar571@student.edu
S06572,6jycAfhqphmX,aishwarya.patel572@student.edu
S04573,OqzMCV0zUO3M,kiran.patel573@student.edu
S04574,pCDumlUwV22E,sanjay.kumar574@student.edu
S04575,TlnLzLEkGq3I,akhil.menon575@student.edu
S04576,kz6u5xncQt2l,akhil.kumar576@student.edu
S04577,qlC65n4TJmfQ,kavya.reddy577@student.edu
S04579,1nlGF9FOd3xl,arjun.nair579@student.edu
S04580,0Kz0p6uErrJ4,kavya.iyer580@student.edu
S04581,yjelPS2QPv5n,arjun.menon581@student.edu
S04582,3XJVROHJz9rt,pooja.menon582@student.edu
S04583,HUnXRDqf3AIV,rohit.patel583@student.edu
S04584,q0iKw2AK5Bxs,anjali.menon584@student.edu
S04585,ZDf7jrCLwyMh,sanjay.gupta585@student.edu
S04586,TeAC4u5kOZP6,neha.das586@student.edu
S04587,6grVnpdq0D01,akhil.menon587@student.edu
S04588,MS6zNHXTq7K4,neha.reddy588@student.edu
S04589,5ftlyuqAzvzj,kavya.das589@student.edu
S04590,mr6PZommDz3i,meera.pillai590@student.edu
S04591,Ewca6nsrEffG,priya.reddy591@student.edu
S04592,f6wZQB37BUdu,anjali.sharma592@student.edu
S04593,hM13nzB0G1Yk,kavya.nair593@student.edu
S04594,NTqQxsedcPzp,pooja.das594@student.edu
S04595,BlEMAjENGvjZ,priya.kumar595@student.edu
S04596,tJGU0t0seELh,priya.sharma596@student.edu
S04597,8vSOi8luT0PA,akhil.gupta597@student.edu
S04598,K9MbsePVsOSV,sanjay.reddy598@student.edu
S04599,NAWUbquqZhBc,vishnu.pillai599@student.edu
S04600,SECxuenlKEUu,arjun.menon600@student.edu
S04601,wMUUyE3meJXE,kiran.patel601@student.edu
S04602,hN7k2T22Yace,rohit.iyer602@student.edu
S04603,d9HLWx4X57Wz,akhil.iyer603@student.edu
S04604,hXoQgZExg8u3,meera.kumar604@student.edu
S04605,FHM1dFlNaJOk,nikhil.gupta605@student.edu
S04606,VIOXF5K0GAU5,sneha.nair606@student.edu
S04607,fNzCJpvnoioJ,sreya.kumar607@student.edu
S04608,Lrl6CgeDR3jA,aishwarya.menon608@student.edu
S04609,XOFWiOn7rAdr,divya.das609@student.edu
S04610,HXlMHrVC5f78,anjali.patel610@student.edu
S04611,RcPiVX8QI2Hu,divya.pillai611@student.edu
S04612,y3s4Q8ySJhgq,aishwarya.menon612@student.edu
S04613,RqN9hIC8Z6IX,anjali.reddy613@student.edu
S05614,06nD0RLaI46N,arjun.kumar614@student.edu
S04615,CPvVSpp0E4tw,aishwarya.patel615@student.edu
S04616,zpaYDgfCIV3d,priya.das616@student.edu
S04617,9960PIHRPEI9,kavya.kumar617@student.edu
S07618,LFvobSlhZTpU,kavya.menon618@student.edu
S04619,qpCYlMCHpdHL,rohit.nair619@student.edu
S04620,Lw2r4fhpbBxY,priya.gupta620@student.edu
S04621,9V0pZGdzd84O,sreya.pillai621@student.edu
S04623,jVbOC3GLXVnE,nikhil.gupta623@student.edu
S04624,Abvqhp3fkLW9,vishnu.das624@student.edu
S04625,qW3YATCyY0rk,anjali.sharma625@student.edu
S04626,VPCvnXYYkBAg,sanjay.gupta626@student.edu
S04627,wUQxbWpJei7L,aishwarya.gupta627@student.edu
S04628,CxIlmYJDrwfD,vishnu.nair628@student.edu
S04629,hKB632eP5fCB,pooja.menon629@student.edu
S04630,gHK2MLbo7ZDt,aishwarya.kumar630@student.edu
S09631,gvj1EqUVpfYa,vishnu.kumar631@student.edu
S04632,Poh7TfzaktsL,sreya.sharma632@student.edu
S04633,gKSNZicP6gNJ,kiran.patel633@student.edu
S04634,DOywc6oQSyh5,aditya.das634@student.edu
S04635,4os0bXsprmEC,neha.gupta635@student.edu
S04636,5sVxyYjUXDN1,nikhil.nair636@student.edu
S04637,ubIazyujqLii,kavya.iyer637@student.edu
S04638,HbEbME55ld2S,arjun.reddy638@student.edu
S04639,2NsCQEjEPi6G,vishnu.reddy639@student.edu
S04640,l3uNVpJ8oQ20,priya.das640@student.edu
S07641,2vL0yp1bUzk1,anand.pillai641@student.edu
S04642,yOZf2c4k8vyD,rahul.kumar642@student.edu
S04643,1gAdo9Sbp7yI,kavya.patel643@student.edu
S04644,paPAScawP53L,nikhil.pillai644@student.edu
S04645,4URmLRXIY9Gu,vishnu.patel645@student.edu
S04646,HWEteHQoDsmD,rohit.patel646@student.edu
S04647,9Jjtuh0I8AQJ,vishnu.das647@student.edu
S04648,05IRdjOzsSeI,rohit.iyer648@student.edu
S04649,el7HzcAXkumg,aditya.menon649@student.edu
S04650,1wcInWYMax7k,meera.patel650@student.edu
S05651,7ueiMemnwPiu,rahul.menon651@student.edu
S04652,MGbSuflPXl50,rohit.patel652@student.edu
S04653,7OltesMkyWPR,nikhil.reddy653@student.edu
S04654,LJSdOT649Wff,kavya.kumar654@student.edu
S04655,3WY0BmtYA1fk,rahul.patel655@student.edu
S04656,8Da6HahX086g,neha.iyer656@student.edu
S04657,KWG7oWudW7cO,sreya.reddy657@student.edu
S04658,XufnSnwvgu07,priya.kumar658@student.edu
S04659,SZMjCNpUySpF,aishwarya.das659@student.edu
S04660,tQ6Sc1hBKjqf,rohit.menon660@student.edu
S04661,Y78VLEFmV4RF,akhil.iyer661@student.edu
S04662,aoKTcIQAJk6s,neha.nair662@student.edu
S04663,OwV3Denbj4dZ,vishnu.nair663@student.edu
S04664,fM3IvYyxg0zp,kiran.sharma664@student.edu
S04665,qRnNhZKJFF27,priya.iyer665@student.edu
S04667,xP1m9MqlyrzD,rohit.iyer667@student.edu
S04668,Hisg5FkESbnT,nikhil.menon668@student.edu
S04669,CMpX2ECun4wJ,sneha.pillai669@student.edu
S04670,Y0fu57NKkTki,arjun.gupta670@student.edu
S04671,ctPUzD1RuT6u,rohit.kumar671@student.edu
S08672,hFzPmyZ8rVKz,neha.patel672@student.edu
S04673,1cclIGKMIa6N,pooja.patel673@student.edu
S04674,ixtH9vRUH2ew,sanjay.menon674@student.edu
S04675,jx4jEAkatw2b,arjun.nair675@student.edu
S08676,mlqM6H2QyUAG,aditya.iyer676@student.edu
S04677,E92UVlIifvko,rahul.sharma677@student.edu
S04678,LVi5xzkG7A0q,arjun.menon678@student.edu
S04679,tKgUUT0B615j,kavya.reddy679@student.edu
S04680,yBOnq80xtmYv,sanjay.gupta680@student.edu
S04681,b37RcrfvXpKD,rahul.gupta681@student.edu
S04682,J1F0BYfJNFFc,rohit.gupta682@student.edu
S04683,qBhCV8a4pI25,nikhil.sharma683@student.edu
S04684,yiNWEVZL2tZg,sreya.das684@student.edu
S04685,oERe5iQIKvuq,kavya.das685@student.edu
S04686,hF7clz7F8gBb,divya.gupta686@student.edu
S04688,N0wDcJgVJjV2,nikhil.reddy688@student.edu
S04689,yvUCwzM48ZX1,aditya.nair689@student.edu
S04690,r8CP0qAY7THQ,aishwarya.menon690@student.edu
S04691,rnw1jCHJZP3n,anjali.patel691@student.edu
S04692,7rWadgDhXUeI,meera.reddy692@student.edu
S04693,ZVu5s7X3ACSY,akhil.gupta693@student.edu
S06694,Fi08P9SqQJve,priya.patel694@student.edu
S04695,RLaCWsySmYz5,aishwarya.nair695@student.edu
S04696,bT1Gv1ccFp8k,anand.kumar696@student.edu
S04697,dTayPQity1Bc,pooja.nair697@student.edu
S04698,1pzWzavCScSC,aishwarya.gupta698@student.edu
S04699,B2KExrDfE33O,neha.reddy699@student.edu
S04700,JfqqgmmOEwav,sanjay.iyer700@student.edu
S04701,5Q29Hdu6DpNj,anjali.das701@student.edu
S04702,hh81iPSlnXJf,aditya.pillai702@student.edu
S04703,iIXzRRJHjh3q,sneha.das703@student.edu
S04704,K38kDtFkQ2ec,sanjay.kumar704@student.edu
S04705,VR498MNgDSAb,sanjay.kumar705@student.edu
S04706,m0HlGkAkrmZL,sanjay.iyer706@student.edu
S04707,qu83MF0O5dzb,nikhil.menon707@student.edu
S04708,p19DiRAiOZeN,priya.das708@student.edu
S04709,hsAcuKN4rpMM,sreya.sharma709@student.edu
S04710,cVIpQbjjg8X4,kavya.gupta710@student.edu
S04711,W6qgKWNuUrmk,anand.reddy711@student.edu
S04712,5ckgIgK9fIR9,kavya.menon712@student.edu
S04713,hPYCoGpKLHQa,arjun.reddy713@student.edu
S04714,rwaaldbYF2Ck,akhil.patel714@student.edu
S04715,myLU6yLAT0Nt,aditya.nair715@student.edu
S04716,t87HnIaSA2xa,priya.patel716@student.edu
S04717,DEjuGOlmwC4M,neha.patel717@student.edu
S04718,B1NIdvBOeEts,sneha.das718@student.edu
S04719,PfI0w6BInAzd,rohit.sharma719@student.edu
S04720,MurdBarpRz94,rohit.menon720@student.edu
S04721,CGQK6nqwQcEu,nikhil.menon721@student.edu
S04722,TMLtOjT9JEhk,arjun.menon722@student.edu
S04723,mp4c9sLbrrgR,pooja.das723@student.edu
S04724,FtuPaiv1T3Zl,sneha.patel724@student.edu
S04725,xgeLjV1482m9,nikhil.menon725@student.edu
S06726,w5uVZO0nof4O,nikhil.nair726@student.edu
S04727,yAC67KBJpUbv,divya.kumar727@student.edu
S04729,Do8tQIC5h2qy,rohit.kumar729@student.edu
S04730,feqmbk2gVgyh,divya.das730@student.edu
S04731,86L2JMTAeHzA,sneha.patel731@student.edu
S04732,uLCbnbiH8Ahc,akhil.menon732@student.edu
S04733,WVraMoL7K8xE,rahul.reddy733@student.edu
S04734,99BogJmWV9ZH,sreya.reddy734@student.edu
S04735,c52xmVYQhyiq,meera.gupta735@student.edu
S04736,KYquVkBgF4qL,sreya.sharma736@student.edu
S04737,bfQOrMw2P6Wc,vishnu.reddy737@student.edu
S04738,GO0c5M8q4GgC,neha.pillai738@student.edu
S04739,oYGplNh78Fzh,divya.nair739@student.edu
S04740,8U9VnFlSuDfg,anand.nair740@student.edu
S04741,YEijcUQCP3pd,rahul.gupta741@student.edu
S04742,gpllfmSw26CX,vishnu.pillai742@student.edu
S04743,9baUXEPtRsTw,meera.das743@student.edu
S04744,IV1TxR1J13iP,rohit.nair744@student.edu
S04745,OcZX56ObzR1a,sanjay.kumar745@student.edu
S04746,4QaYEsaKFvre,rohit.sharma746@student.edu
S04747,S0bnr6uYLqKL,vishnu.pillai747@student.edu
S04748,FFjNKoQCE0O2,neha.kumar748@student.edu
S04750,CQ3jJ7BZepU6,nikhil.iyer750@student.edu
S04751,QVIfMq9zbxYO,pooja.reddy751@student.edu
S04752,9on67Cqd3JHB,arjun.gupta752@student.edu
S04753,NzINxJZsB3ed,anjali.gupta753@student.edu
S04754,AMQCbeEu6mxj,aishwarya.iyer754@student.edu
S04755,8ldWy08V85PO,aishwarya.iyer755@student.edu
S04756,YSzoNSJZi2zP,divya.menon756@student.edu
S04757,r9FUmb7DkLt9,pooja.gupta757@student.edu
S04758,45Hs14tNnNK0,rohit.reddy758@student.edu
S04759,vz3bOCg73EzK,meera.pillai759@student.edu
S04760,Jdae7F8fteua,aishwarya.kumar760@student.edu
S04761,fcTvnNzXVBwr,sneha.kumar761@student.edu
S04762,5pGvNJc0fBis,aditya.sharma762@student.edu
S04763,AWpjYgUqmuc5,aditya.kumar763@student.edu
S04764,pqrdzz3mRre6,priya.sharma764@student.edu
S04765,m2FDwPNKjVEz,priya.kumar765@student.edu
S04766,J70XCs3ubsbh,meera.sharma766@student.edu
S04767,y9WnxefCWcG6,sneha.gupta767@student.edu
S04768,rI0Qyy1SLBuD,meera.reddy768@student.edu
S04769,GUa0pV13OXAL,nikhil.das769@student.edu
S04770,v56N6YfkO4RF,pooja.menon770@student.edu
S04771,Y8hur2tLGxbi,sneha.das771@student.edu
S04772,wH7UOBrbDSAF,anjali.patel772@student.edu
S04773,Uo3AxJKKyOCB,rohit.gupta773@student.edu
S04774,Tvt0F8N3ypiN,sneha.das774@student.edu
S04775,uvGjFLaWhISb,rahul.gupta775@student.edu
S04776,K0dwGADZY2P3,anand.reddy776@student.edu
S04777,NyRubUNwMd8I,anand.reddy777@student.edu
S04778,TABxYxw764kv,priya.sharma778@student.edu
S04779,v7UVJnmJHBt0,sanjay.reddy779@student.edu
S04780,NJDxuGdOrcHh,kiran.kumar780@student.edu
S04781,RxwJTjp8Fs1x,anjali.iyer781@student.edu
S04782,aGj0vgGMjV4A,divya.iyer782@student.edu
S04783,Xx0rURJT07C4,anjali.das783@student.edu
S04784,DVOj2pKoXNQq,anjali.reddy784@student.edu
S04785,LBMQsJxUJ7vv,kiran.patel785@student.edu
S04786,cKRdtRtm8DoB,sneha.sharma786@student.edu
S04787,IBI9dPVOpsdV,anand.sharma787@student.edu
S04788,WeN8IvV3C5LM,akhil.patel788@student.edu
S04789,VldM9gPZkXee,akhil.iyer789@student.edu
S04790,pzyNBZzMv9KJ,rohit.sharma790@student.edu
S04791,1cWbS8SK0Ca5,aditya.das791@student.edu
S04792,mfqK2NGjKaDk,neha.nair792@student.edu
S04793,ZLtiJcGXbY1K,rohit.nair793@student.edu
S04794,HN3pFF1tDcEA,arjun.nair794@student.edu
S04795,teBDUNWhaT3C,kavya.reddy795@student.edu
S04796,7n4JWzZOfRia,nikhil.das796@student.edu
S04797,ZWXMovecOy5P,sanjay.nair797@student.edu
S04798,D45ksFwo06yw,sreya.pillai798@student.edu
S04799,xpRRWESbZt74,divya.nair799@student.edu
S04800,ajDpBgvG4aPi,anjali.menon800@student.edu
S04801,z9skNRZnlZBj,meera.das801@student.edu
S04802,ENSK8y1wLIMk,vishnu.gupta802@student.edu
S04803,A46jWijoNHxD,divya.reddy803@student.edu
S04804,PkM04nwQSV9y,vishnu.kumar804@student.edu
S04805,TNAdphmw8ftV,sreya.reddy805@student.edu
S04806,FAoY2j5jK5qH,sanjay.menon806@student.edu
S04807,UovIgoyCrYGo,sanjay.pillai807@student.edu
S04808,Yy2jSxQiAzG9,arjun.pillai808@student.edu
S04809,aZwj0ERkaIyX,anand.patel809@student.edu
S04810,SrBRUzJAFxO3,sreya.patel810@student.edu
S04811,2IDwpiBrjHzN,nikhil.kumar811@student.edu
S04812,bMO5QhUuNf8J,neha.patel812@student.edu
S04813,BqOJncLnahG9,meera.sharma813@student.edu
S04814,ArNbIQgO3GDa,nikhil.pillai814@student.edu
S04815,jR86Dbn9htqY,arjun.kumar815@student.edu
S04816,HgeakKwUpdih,aishwarya.reddy816@student.edu
S04817,GwUgajHiu2u6,sanjay.gupta817@student.edu
S04818,qdDXElq2Wk3O,priya.gupta818@student.edu
S04819,EKzXfzmqN4eC,priya.patel819@student.edu
S04820,0Q2xktg72eui,kavya.das820@student.edu
S04821,27SCFIWsS4gP,aditya.nair821@student.edu
S04822,ZiAOdzVFAq82,sreya.kumar822@student.edu
S04823,JmQVX0TZEdYb,anand.patel823@student.edu
S04824,wWZbwktKtZbn,rahul.pillai824@student.edu
S04825,ewdozdLutcJc,sanjay.kumar825@student.edu
S04826,wLvSvunKpKA7,divya.nair826@student.edu
S04827,wQSUGSiTRhPl,aditya.gupta827@student.edu
S04828,DYWBPmRXqyUR,aishwarya.kumar828@student.edu
S04829,e7g6xk1yYUNV,sanjay.reddy829@student.edu
S04830,EVTopvnFT5nh,meera.pillai830@student.edu
S04831,FpzvTelVbClb,rohit.das831@student.edu
S04832,rdsnB3jtsXmb,anand.nair832@student.edu
S04833,eni0dfi93G7q,neha.iyer833@student.edu
S04834,dlapqmZxciDW,kavya.kumar834@student.edu
S04835,CZHdpmniHNAf,sanjay.das835@student.edu
S04836,IBlzH2G9OXA3,divya.das836@student.edu
S04837,dGokz7S4YYND,aishwarya.nair837@student.edu
S04838,UNS0m0fbquxq,sanjay.iyer838@student.edu
S04839,qbN2BPsLtBkO,vishnu.sharma839@student.edu
S04840,UczdS29sHpkV,akhil.das840@student.edu
S04841,FdNNUZ4O15Ua,pooja.das841@student.edu
S04842,WbltQHW1FwqP,kiran.nair842@student.edu
S04843,tec8o3jFRUML,nikhil.menon843@student.edu
S04844,O2Ur4eRbBdcw,sreya.das844@student.edu
S04845,M1X2cEeyh0O6,anand.nair845@student.edu
S04846,EbaFF5sdabRj,aditya.das846@student.edu
S04847,LIEeekYvETU0,kavya.reddy847@student.edu
S04848,75lN7d7zorfP,aditya.das848@student.edu
S04849,Uwhf65XyTHZ2,aishwarya.reddy849@student.edu
S04850,02ul8JlBH6M5,kavya.reddy850@student.edu
S04851,5fk2MXay6GoI,anand.iyer851@student.edu
S04852,nqvk38w60Et0,sanjay.gupta852@student.edu
S04853,RTQvWzeKS3fl,sanjay.iyer853@student.edu
S04854,xGvkeeGp6sqC,anand.nair854@student.edu
S04855,ZqVgjdHguFyb,meera.nair855@student.edu
S04856,YFLg5RUO9rK1,rahul.kumar856@student.edu
S04857,ddIqpoUNwA5E,vishnu.kumar857@student.edu
S04858,z0eqr726izl8,nikhil.reddy858@student.edu
S04859,tayy9A7C7w9e,pooja.sharma859@student.edu
S04860,kEXmG1Yzqoxu,sanjay.reddy860@student.edu
S04861,CVRg8OjE1ayr,sreya.pillai861@student.edu
S04862,1emC30alzaz6,sanjay.das862@student.edu
S04863,4aYyyvi2baxu,vishnu.patel863@student.edu
S04864,4Ur3KfIlQJYA,vishnu.kumar864@student.edu
S04865,9BYwYtafM8dj,aishwarya.das865@student.edu
S09866,LzRFptQjz3Yy,aditya.nair866@student.edu
S04867,NjHMolmUzICn,anand.reddy867@student.edu
S04868,BEaG2N4EvZJa,pooja.reddy868@student.edu
S04870,29ktYMakspFy,nikhil.sharma870@student.edu
S04871,bTj6lLrgbkHC,akhil.pillai871@student.edu
S04872,24VZN7JdVI5T,pooja.das872@student.edu
S04873,bO9fa2jDOqgh,meera.gupta873@student.edu
S04874,BhizL6eMWJr7,nikhil.menon874@student.edu
S04875,K02gwWY5XbnD,nikhil.kumar875@student.edu
S04876,EeWztJLaeeXV,sanjay.patel876@student.edu
S04877,2Ewj7LeNZjJU,nikhil.patel877@student.edu
S04878,87D5rQZK4q8d,rohit.iyer878@student.edu
S04879,OXnsOM1xurnO,vishnu.pillai879@student.edu
S04880,q583QxJwxHIg,aditya.nair880@student.edu
S04881,c70LEyEeqkJd,anand.reddy881@student.edu
S04882,x6RWzqp668RF,sanjay.das882@student.edu
S04883,OMVxyjTHaGhx,sanjay.sharma883@student.edu
S04884,I4w2uL558nwc,anjali.das884@student.edu
S04885,lKbLeXxHE9hi,sneha.menon885@student.edu
S04886,VL8JSc5duWfs,arjun.gupta886@student.edu
S04887,uexlkz8UMuIh,divya.sharma887@student.edu
S04888,4ongkhGUXxo3,kavya.sharma888@student.edu
S04889,rhLqmhYa7wWN,rohit.patel889@student.edu
S04890,hUSTepENUqgM,sneha.das890@student.edu
S04891,4GDCGquiPPjs,divya.patel891@student.edu
S04892,dc2TPkM0zxNY,rahul.pillai892@student.edu
S04893,ELQeMuapJ5wA,meera.nair893@student.edu
S04894,uVTPsl6IIy8k,sneha.kumar894@student.edu
S04895,E5TPvurCZEYw,divya.menon895@student.edu
S04896,ZpSawEFyayGg,rahul.iyer896@student.edu
S04897,RH1sALdJj6m7,anjali.patel897@student.edu
S04898,bsTLeITeLHON,priya.nair898@student.edu
S04899,VE2x3GoqtFLL,aishwarya.patel899@student.edu
S04900,Qr9iimURRiCV,anjali.iyer900@student.edu
S04901,bpVnIraqJeFF,kiran.iyer901@student.edu
S04902,nuVjmoT8OKX2,anand.gupta902@student.edu
S04903,seMOjxCossr2,nikhil.patel903@student.edu
S04904,DD9KyE1Ox2BP,aditya.nair904@student.edu
S04905,kjH9FvLTTM5T,pooja.menon905@student.edu
S04906,2eGFUOS5X8vZ,pooja.sharma906@student.edu
S04907,BrDBiP4swcUi,arjun.das907@student.edu
S04908,JOZw3CABX396,rohit.iyer908@student.edu
S04909,rXZ9BjClBW1n,divya.patel909@student.edu
S04910,yhAbZm7LW9ia,neha.gupta910@student.edu
S04911,wNYrTA7ikJnS,divya.gupta911@student.edu
S04912,Cv3KrGuMdJsa,neha.das912@student.edu
S04913,fe0gDSqwqRGY,pooja.sharma913@student.edu
S04914,zvtlT4TDTnJ1,meera.reddy914@student.edu
S09915,39SrP38aeTMp,pooja.nair915@student.edu
S04916,psPhR93c41tH,priya.menon916@student.edu
S04918,xcbvMZrRiNO3,kavya.sharma918@student.edu
S04919,a6xiyUI31epQ,aishwarya.menon919@student.edu
S04920,whu8sujZitan,aishwarya.das920@student.edu
S04921,uyACCPZVRjbt,anand.nair921@student.edu
S04922,yFGG51xwhMzw,pooja.iyer922@student.edu
S04923,siQTguAZHoYj,pooja.reddy923@student.edu
S04924,HjmYXej8ONYk,rahul.das924@student.edu
S04925,s2BG6HoxaXsw,pooja.das925@student.edu
S04926,2qkNk9TljhRR,sneha.kumar926@student.edu
S04928,o3qw7ZSr00r2,anjali.nair928@student.edu
S04929,4ZdbyLzTRPpB,sanjay.nair929@student.edu
S04930,sCoykgMTv9Pl,nikhil.gupta930@student.edu
S04931,ar3cawmTc2yo,aditya.nair931@student.edu
S04932,ZN2ch6G5SmeM,neha.pillai932@student.edu
S04933,3L0mgIloZgLJ,anjali.gupta933@student.edu
S04934,VYrwqXaDeBg8,kiran.sharma934@student.edu
S04935,JMunD75It4Jr,kavya.sharma935@student.edu
S04936,641NPO1uJFDY,kavya.pillai936@student.edu
S04937,NjZBdLo7tZlu,vishnu.iyer937@student.edu
S04938,00tZhXHUSKfT,rohit.kumar938@student.edu
S04939,HUdE3olwDK4I,anjali.nair939@student.edu
S04940,myg2XJ8D9mSy,sanjay.sharma940@student.edu
S04941,xCHPmrNTgpfc,arjun.menon941@student.edu
S04942,hOF62TUtEFCr,aishwarya.pillai942@student.edu
S04943,SFrf1xgffgUz,divya.iyer943@student.edu
S04944,tsyqcllca5At,aditya.kumar944@student.edu
S04945,XJhfrtAfQAKl,anjali.sharma945@student.edu
S04946,DZxWW5MXTW3k,kavya.gupta946@student.edu
S04947,jfEiIL1NjlXg,vishnu.sharma947@student.edu
S04948,HLQ3fqdcof78,kiran.gupta948@student.edu
S04949,gCJmWqA6ROI5,aishwarya.das949@student.edu
S04950,HLR67Lkj4gxf,rahul.nair950@student.edu
S04951,YxCCFv0JO8jv,anand.iyer951@student.edu
S04952,V4eVxtF5jwgi,vishnu.menon952@student.edu
S04953,2N3PbFle7B6A,rahul.menon953@student.edu
S04954,FeXdKO8alB9x,pooja.nair954@student.edu
S04955,uidbxhDUFJo7,kavya.das955@student.edu
S04956,rRGhcdDQyfJ6,rohit.menon956@student.edu
S04957,HT5XcMoQ8H8s,rohit.sharma957@student.edu
S04958,OCrWeR0EIr4a,sreya.patel958@student.edu
S04959,xM5KQC7Q0QfS,neha.gupta959@student.edu
S04960,G3aIg06LPWYC,vishnu.das960@student.edu
S04961,xC5KqJUVo5iT,aishwarya.iyer961@student.edu
S04962,E1CV1lNLUveS,aditya.sharma962@student.edu
S04963,TO0O1F72tYee,priya.reddy963@student.edu
S04964,rZAbN0Lk8LjZ,akhil.nair964@student.edu
S04965,P056rdIf6hsD,sneha.reddy965@student.edu
S04966,uFIXjGCjuPDO,kiran.pillai966@student.edu
S04967,2et1HMkxQtP8,arjun.reddy967@student.edu
S04968,5528Pbpwv4nW,anand.sharma968@student.edu
S04970,vodT3LE0DgK9,priya.reddy970@student.edu
S04971,iyQTrbjCQliJ,meera.iyer971@student.edu
S04972,hXmLnr8J1Jxv,akhil.nair972@student.edu
S04973,ONADDbtdbhlH,sanjay.reddy973@student.edu
S04974,K9niKjYt6NNS,nikhil.das974@student.edu
S04975,QChaGDre8wKs,sanjay.gupta975@student.edu
S04976,MU2CVQ4em9Qx,pooja.menon976@student.edu
S04977,wpeW1TQtEz5A,nikhil.nair977@student.edu
S04978,BHFB4pgpcwuf,sanjay.iyer978@student.edu
S04979,zTovkXUnIiIF,rohit.patel979@student.edu
S04980,3Akic6oTLOBt,rohit.pillai980@student.edu
S08981,ru00mfiybKEE,anand.sharma981@student.edu
S04982,kjDsmSYszQKP,sneha.das982@student.edu
S04983,tBMy10mv054R,aditya.das983@student.edu
S04984,ORVF8vASCkQY,anand.nair984@student.edu
S04985,0hzDFFOrJrHb,pooja.nair985@student.edu
S04986,ujQBLzT4mbCu,priya.reddy986@student.edu
S04987,k3tgNxb8F2aA,neha.reddy987@student.edu
S04988,kVgPo2b5DGzd,anand.pillai988@student.edu
S04989,WjXkm3dF114Q,pooja.pillai989@student.edu
S04990,renKV1QLJvEN,anjali.sharma990@student.edu
S04991,XCTqvPC3cgwx,akhil.das991@student.edu
S04992,ut7AkJGZhdql,arjun.menon992@student.edu
S04993,cmn6mO8yTGIz,akhil.sharma993@student.edu
S04994,no2USLwlgJ77,anjali.pillai994@student.edu
S04995,kRdVQGXLI66s,priya.pillai995@student.edu
S04996,XQIdFfVwDqtI,arjun.das996@student.edu
S04997,ntSQmWbbGQzG,kiran.nair997@student.edu
S04998,ZO4KTVB44lUM,nikhil.reddy998@student.edu
S04999,zRbUerhFBBhp,kiran.iyer999@student.edu
S05000,EB2H7Qe6Rynk,rahul.reddy000@student.edu
S05001,rvvCL74m9gnR,vishnu.gupta001@student.edu
S05002,smlSf9q3fngM,vishnu.menon002@student.edu
S05003,NZgfK5zVSpMu,sreya.gupta003@student.edu
S05004,GyeD9iXOLOrP,anjali.sharma004@student.edu
S05005,diEPB1jk3AsT,aishwarya.das005@student.edu
S05006,dT1IHuhS3Y0a,sneha.pillai006@student.edu
S05007,1UWFxMnsArZl,rohit.iyer007@student.edu
S05008,p0FoH9q67NTr,divya.kumar008@student.edu
S05009,1fEV8IlmOhKI,meera.pillai009@student.edu
S05010,T7e9iHk1v0b5,pooja.nair010@student.edu
S05011,auMOVUYQtKHm,divya.iyer011@student.edu
S05012,09z46gZuUpaI,sanjay.sharma012@student.edu
S05013,ctwkfjPZA3kv,kiran.sharma013@student.edu
S05014,TQjF72udHKgk,pooja.nair014@student.edu
S08015,tY35JMQfVmLs,neha.kumar015@student.edu
S05016,trRDHpMhLb0h,sreya.pillai016@student.edu
S05017,YepjShUQsEND,meera.reddy017@student.edu
S05018,y0FJcKyxgbCc,kiran.menon018@student.edu
S05019,5pyhhPPV3yMq,neha.patel019@student.edu
S05020,Lv4QlM6FdQIi,nikhil.menon020@student.edu
S05021,0xpkXAN87LQb,divya.reddy021@student.edu
S05022,8HtpnU26Pqlc,anand.nair022@student.edu
S05023,nFTSjhZbocvC,priya.das023@student.edu
S05024,jDDXryYXsx7I,anand.gupta024@student.edu
S05025,84kqEDrac7LP,nikhil.menon025@student.edu
S05026,EoQZVPddNjKj,meera.menon026@student.edu
S05027,vUgReh4zbBIC,sanjay.reddy027@student.edu
S05028,CV35gPQBfDrL,rahul.reddy028@student.edu
S05029,bwYiFYBXadN8,aishwarya.sharma029@student.edu
S05030,RvND6vyTxddB,nikhil.pillai030@student.edu
S05031,Tg7CRIYkTEe4,rahul.nair031@student.edu
S05032,nCC6iDGVdFrB,kiran.kumar032@student.edu
S05033,OrmaOKFw0qDT,divya.das033@student.edu
S05034,uriY6JIMnGVQ,rahul.reddy034@student.edu
S05035,O4DJ9azg0Wjh,neha.das035@student.edu
S05036,cAKuyqKJjkuU,neha.kumar036@student.edu
S05037,qBz27yzDXrxv,rahul.sharma037@student.edu
S05038,4Jn5ncjhYTV5,rahul.gupta038@student.edu
S05039,3XD13Gg3oeTn,kavya.iyer039@student.edu
S05040,n2rJ5JBjm2BE,meera.gupta040@student.edu
S05041,PSJaM472aHl2,vishnu.menon041@student.edu
S05042,CbW2e78moif3,divya.menon042@student.edu
S05043,2zuTIVfu0QMA,kavya.das043@student.edu
S05044,CKsAGVjIdLdJ,akhil.iyer044@student.edu
S05045,HIXRqJyiBXYr,sanjay.nair045@student.edu
S05046,hQMHfW1NoElX,vishnu.iyer046@student.edu
S05047,tQLbs2XVcyFh,meera.iyer047@student.edu
S05048,nlgeA3yNu3ln,divya.pillai048@student.edu
S05049,3Pv0v6vcnUV9,sneha.menon049@student.edu
S05050,KzO0dxdbU4dC,pooja.kumar050@student.edu
S05052,uxIcQrJUwh9s,aishwarya.iyer052@student.edu
S05053,mZP2QacipCJz,kavya.menon053@student.edu
S05054,Qmi8iVOByFlO,nikhil.kumar054@student.edu
S05055,t5lkYsVMVPRm,kiran.nair055@student.edu
S05056,dV6sGadXehzB,aditya.gupta056@student.edu
S05057,Ey549ISjzA31,neha.nair057@student.edu
S05058,RVXb8eRxylJC,sanjay.menon058@student.edu
S05059,5y8oGaRQUbgR,rahul.pillai059@student.edu
S05060,KXpSkI0IkH3v,anjali.iyer060@student.edu
S05061,4ICXZMmbMJ6Q,divya.reddy061@student.edu
S05062,xp1JRQhxmLYT,rahul.das062@student.edu
S05063,EBbelNa2wU8V,sneha.reddy063@student.edu
S05064,QP0c6H4KITBV,sanjay.iyer064@student.edu
S05065,DrJB6ug2P80z,anand.pillai065@student.edu
S05066,chRhRNfUoKnt,divya.das066@student.edu
S05067,0uwjlD2REG5x,rahul.nair067@student.edu
S05068,wYu0EaAiLpcU,vishnu.menon068@student.edu
S05069,4u9v2ZucCHGN,vishnu.reddy069@student.edu
S05070,f2kOzTXgIEIP,neha.gupta070@student.edu
S05071,yHIjb4AjDaoo,sneha.pillai071@student.edu
S05072,uA3d9Wlniymf,meera.gupta072@student.edu
S05073,5Ne00sSw9KTn,pooja.nair073@student.edu
S05074,2P1A3lA119vO,anjali.menon074@student.edu
S05075,JLZXJfQUeBi8,arjun.iyer075@student.edu
S05076,qkDc8X52hpTI,rahul.nair076@student.edu
S05077,US19xKugChS0,pooja.patel077@student.edu
S05078,bjHrBo3fYeLY,kavya.iyer078@student.edu
S05079,qpyh3Pz7ydob,sanjay.pillai079@student.edu
S05080,0LDSHj5DcI3N,sreya.patel080@student.edu
S05081,WnyqKfBZWwDy,aishwarya.gupta081@student.edu
S05082,UaptEdLuzHfJ,akhil.reddy082@student.edu
S05083,PUXrpj7MOh8F,aditya.patel083@student.edu
S05084,VSNy7ZxHlPEm,pooja.menon084@student.edu
S05085,wVJI34w8LjCv,anjali.menon085@student.edu
S05086,1NUikhxOzXh4,meera.iyer086@student.edu
S05087,hsig35NYOJ84,arjun.patel087@student.edu
S05088,WNLOhgKPYB87,divya.kumar088@student.edu
S05089,v4yozgFXs0Cy,priya.sharma089@student.edu
S05090,6snplVf1me0G,aditya.patel090@student.edu
S05091,wl34AcWEOTfS,pooja.menon091@student.edu
S05092,2MxO8F1tigmL,arjun.nair092@student.edu
S05093,IJVcdGofnYIy,kavya.menon093@student.edu
S05094,qu0b85NremRH,arjun.menon094@student.edu
S05095,GoLu02SZwXxr,meera.nair095@student.edu
S05096,sjXOQSidnKeF,nikhil.reddy096@student.edu
S05097,hFEvCrJc0jO1,rahul.menon097@student.edu
S05098,CEebywqfUY5d,aditya.menon098@student.edu
S05099,F9uobNhg1Tnu,pooja.gupta099@student.edu
S05100,aorBBzJ0jznK,kiran.patel100@student.edu
S05101,Ar39ganlAOz4,rahul.patel101@student.edu
S05102,SILwZCRRTk6d,kavya.das102@student.edu
S05103,MpG6zCiPWA3y,akhil.pillai103@student.edu
S05104,mawnYIBkfTFK,sanjay.reddy104@student.edu
S05105,Px5nLDrNzSEq,arjun.kumar105@student.edu
S05106,dKOn3MjsiuZw,vishnu.iyer106@student.edu
S05107,VKwk8tK85JFS,divya.kumar107@student.edu
S05108,l4cFvmmhjpKQ,rohit.menon108@student.edu
S05110,dnZSQpW6oqTU,divya.pillai110@student.edu
S05111,CIwy1tfaroed,vishnu.gupta111@student.edu
S05112,NntHauV0D6Wt,kiran.sharma112@student.edu
S06113,zKQF7eYMNUCG,meera.nair113@student.edu
S05114,BhYri7PXYwZp,neha.reddy114@student.edu
S05115,26UTYbCMvfsf,kavya.pillai115@student.edu
S05116,NcO0n0R6sneb,sneha.nair116@student.edu
S05117,D9hz6RmkkIc9,aditya.gupta117@student.edu
S05118,pvjcsNeoonsb,neha.gupta118@student.edu
S05119,t0YQfmDaFAxj,rahul.das119@student.edu
S08120,2xuC2hA2NmR0,sreya.das120@student.edu
S05121,1sK7gD9Oq7BU,meera.das121@student.edu
S05122,7ChfTWm4VtM7,divya.sharma122@student.edu
S05123,1n1Sydtl3I0U,neha.reddy123@student.edu
S05124,Sn1EEIkyKpuW,anand.reddy124@student.edu
S05125,M1SBofCkVN3G,aishwarya.kumar125@student.edu
S05126,zDVbEtYGFLyA,sreya.patel126@student.edu
S05127,usGsKqADKEZX,arjun.reddy127@student.edu
S05128,8EghIKi7xp1w,vishnu.menon128@student.edu
S05129,ceQRqCpi5Ku1,divya.gupta129@student.edu
S05130,BVu0HquUsOv9,sneha.sharma130@student.edu
S05131,N9L7EDQvMxXh,nikhil.kumar131@student.edu
S05132,rlup38DCLyDV,sneha.reddy132@student.edu
S05133,KVFxAdQzuPHW,anand.iyer133@student.edu
S05134,VGxTSJFxMPY0,meera.menon134@student.edu
S05136,hF01Khgr1Cr8,aishwarya.kumar136@student.edu
S05137,p7x7T9339N8H,divya.iyer137@student.edu
S05138,hCpIKv3ky9B3,divya.sharma138@student.edu
S05139,Ej5Ctdf8elZG,aishwarya.nair139@student.edu
S05140,HPWTXzmJ07Sv,aishwarya.gupta140@student.edu
S05141,SvUmCnqeEIAQ,sneha.das141@student.edu
S05142,U3sj61VuJM64,akhil.reddy142@student.edu
S05143,TIJrBTiinSie,anjali.reddy143@student.edu
S05144,lLo3wxYgGIe9,kavya.gupta144@student.edu
S05145,cGpVCnezrGM9,meera.reddy145@student.edu
S05146,l8PfEWbnYIAj,kavya.kumar146@student.edu
S05147,GLbgaOm5TJkL,neha.sharma147@student.edu
S05148,oO9H0FhpXg6b,meera.patel148@student.edu
S05149,ieHgwMNFVkH5,aishwarya.nair149@student.edu
S05150,EpadMYW5XWyT,sanjay.nair150@student.edu
S05151,Bwmebet7Zr5Z,sneha.patel151@student.edu
S05152,3hRiRPXw0Tto,pooja.reddy152@student.edu
S05153,tWGqn2fw2Y9b,rahul.nair153@student.edu
S05154,vhPNrL1EL9Wy,nikhil.reddy154@student.edu
S05155,U1ZhaHy2LjzF,aishwarya.gupta155@student.edu
S08156,G2BS8dFY5YXT,meera.gupta156@student.edu
S05157,bloyBpRrwSyE,nikhil.nair157@student.edu
S05158,uyDoSqXFiKcN,anand.das158@student.edu
S05159,sDxkj3xkT9dq,kiran.pillai159@student.edu
S05160,YKg2s5J7jhRD,neha.patel160@student.edu
S05161,Q3Y5SgXcw9TS,anjali.kumar161@student.edu
S05162,DreBkFzV3H3P,kavya.nair162@student.edu
S05163,oLpH85fJSsE8,aditya.kumar163@student.edu
S05164,fogij6zFUofL,aishwarya.gupta164@student.edu
S05165,e0FO1stNx21K,rohit.gupta165@student.edu
S05166,skL0dgrMCCTh,sneha.patel166@student.edu
S05167,jE4ctg61GISs,aishwarya.kumar167@student.edu
S05168,umrEDfiHQRm2,nikhil.sharma168@student.edu
S05169,V9KUsLVz4eVJ,nikhil.kumar169@student.edu
S05170,d65803AhfDLg,rahul.reddy170@student.edu
S05171,fLSicBa7aP7r,vishnu.reddy171@student.edu
S05172,wYfuyDAfCSQY,rahul.das172@student.edu
S05173,D9JYryZdYiAB,aishwarya.kumar173@student.edu
S05174,GiyZBX5uaqGq,arjun.kumar174@student.edu
S05175,oRSEeiXYVUwy,kiran.kumar175@student.edu
S05176,D8NmgfimpOPF,anjali.das176@student.edu
S05177,y9EcdUdiE3km,priya.pillai177@student.edu
S05178,gvRwy9Yh3pdS,divya.menon178@student.edu
S05179,2DFuAma1ZMGq,arjun.patel179@student.edu
S05180,qy74dIAhAfyS,vishnu.pillai180@student.edu
S05181,ANN2cgD6gaM8,meera.sharma181@student.edu
S05182,Y7nyKO1l5sBw,pooja.das182@student.edu
S05183,k0KapqvzDc1W,sreya.kumar183@student.edu
S05184,rl2xzeTmxN9B,anjali.das184@student.edu
S05185,Rws5e9Fyl256,meera.das185@student.edu
S05186,TaLm4oFXY0qR,anjali.nair186@student.edu
S05187,EViG00rORwEH,vishnu.reddy187@student.edu
S05188,n00mdiJ4TqMp,pooja.sharma188@student.edu
S05189,3SOC9D3M3UI1,vishnu.reddy189@student.edu
S05190,MmdLGKRVPAS2,nikhil.patel190@student.edu
S05191,dRHOXg9sHj1k,pooja.das191@student.edu
S06192,z1kuL36QJFdq,meera.kumar192@student.edu
S05193,MHz43Dn7ZRll,rahul.pillai193@student.edu
S05194,20o9ERKDoWFp,sanjay.kumar194@student.edu
S05195,O2LAKlaophJl,aditya.kumar195@student.edu
S05196,u5NfuhpCbyAy,aditya.kumar196@student.edu
S05197,m7fo8l5Nz6r4,aditya.reddy197@student.edu
S05198,IUjtUHtdxDyl,meera.sharma198@student.edu
S05199,coaGbUHf075g,rohit.iyer199@student.edu
S05200,HcTqJlbVvgO1,akhil.iyer200@student.edu
S05201,uvIyH7wXysrD,rohit.iyer201@student.edu
S05202,mO9eBnY8gm9s,aishwarya.patel202@student.edu
S05203,4aGNdUu65oMZ,meera.das203@student.edu
S05204,3AKdwybJIrCf,divya.gupta204@student.edu
S05205,w7Y7EvyY6E6N,kavya.reddy205@student.edu
S05206,AIl0yoMVf1HG,pooja.das206@student.edu
S05207,4SFKgEGLxTFA,kavya.das207@student.edu
S05209,JDuAqBLrL3uV,aishwarya.reddy209@student.edu
S05210,tKSp0MU4g37H,neha.pillai210@student.edu
S05211,2ahJZcx2Rgjy,anjali.menon211@student.edu
S05212,BZMjU8Po6dwQ,priya.iyer212@student.edu
S05213,AHa9bV0BqGp0,rohit.iyer213@student.edu
S05214,HlcZHzureyUL,meera.reddy214@student.edu
S05215,UtNkU0UPh6ld,pooja.reddy215@student.edu
S05216,I3UB5AFqVYJ5,rahul.pillai216@student.edu
S05217,2YRTR84et0xi,aishwarya.reddy217@student.edu
S05218,hSNssUgUUqWW,akhil.das218@student.edu
S05219,GL5zze57yg6z,kavya.iyer219@student.edu
S05220,JrEbajeFZYDw,aishwarya.sharma220@student.edu
S05221,DnqyhJUQQnWK,priya.reddy221@student.edu
S05222,5z8TOV4dwGhL,rohit.kumar222@student.edu
S05223,ZUC7S7CkYVA5,sreya.gupta223@student.edu
S05224,7lPoIIDUrqw0,vishnu.pillai224@student.edu
S05225,RLCpvmDngCTL,sreya.das225@student.edu
S05226,MvUHQDGF1XLz,arjun.menon226@student.edu
S05227,A8FVLLvKXjtz,arjun.menon227@student.edu
S05228,MgY1WmCAwSoE,meera.iyer228@student.edu
S05229,xO4JhnzfTzX4,sanjay.iyer229@student.edu
S05230,gKcHdYLQv1Uu,aditya.iyer230@student.edu
S05231,EQKRz88n4Kap,anjali.patel231@student.edu
S05232,jVEmB5XBAfDz,pooja.pillai232@student.edu
S05233,kSA5OW4fARb8,rohit.das233@student.edu
S05234,AzW1t6HZbzFt,kavya.sharma234@student.edu
S05235,3IGZRXnw5MMj,anand.iyer235@student.edu
S05236,duQ6RzSxXH1m,vishnu.iyer236@student.edu
S05237,NLMVItfTZ5ee,rohit.nair237@student.edu
S05238,VkvxHF2RrfS0,rohit.kumar238@student.edu
S05239,mtbnFoXPevnB,aishwarya.reddy239@student.edu
S05240,queGPdtURZUz,priya.pillai240@student.edu
S05241,TzhZQjwyAUHb,arjun.das241@student.edu
S05242,h8gHimEfE5IP,anand.nair242@student.edu
S05243,mVYz6jNCSP6B,priya.kumar243@student.edu
S05244,PdtggHnvR7re,meera.patel244@student.edu
S05245,YeLg4zby1C0z,anand.reddy245@student.edu
S05246,xluijk7pR3FZ,arjun.das246@student.edu
S05247,4WpoWCzFX7kJ,divya.sharma247@student.edu
S05248,SVZWD0MIWeKy,rahul.patel248@student.edu
S05249,b1w1STdTQCRL,akhil.reddy249@student.edu
S05250,hblTj6R6WkyQ,meera.gupta250@student.edu
S05251,fLI3geYJEdAu,rahul.nair251@student.edu
S05253,YzKOmXobgQjP,sneha.pillai253@student.edu
S05254,rIGTk5ISOS6j,pooja.pillai254@student.edu
S05255,Bgvq6By1Jf5U,kavya.pillai255@student.edu
S05256,i6fvx98oHdwL,neha.nair256@student.edu
S05257,wo8PfmfvLnaO,sanjay.gupta257@student.edu
S05258,aDP8oadFxxnt,nikhil.nair258@student.edu
S05259,phEah16Z3O35,vishnu.pillai259@student.edu
S05260,oQQhaOWMl4Ov,anand.reddy260@student.edu
S05261,GShqEKQPhFY8,pooja.patel261@student.edu
S05262,NR7ytXuYNcGn,sreya.iyer262@student.edu
S05263,l7gyDKFctaB1,divya.gupta263@student.edu
S05264,Y0BmOeUfTRbo,sneha.sharma264@student.edu
S05265,8zWd0G2IMXJI,pooja.das265@student.edu
S05266,Bb0yuXJ9fpuL,aditya.pillai266@student.edu
S05267,mpR7TFd63vDd,sneha.nair267@student.edu
S05268,VSX7qfLCO59S,kiran.reddy268@student.edu
S05269,xNm3MTkhkSRV,kiran.sharma269@student.edu
S05270,Nt2Ikj4O9UeO,meera.nair270@student.edu
S05271,vy0fKYg7HAnB,kavya.menon271@student.edu
S05272,zoLBcBSIaUqz,priya.gupta272@student.edu
S09273,rNqgyD8dRZe5,sreya.iyer273@student.edu
S05274,BbJ5DNXHm0II,nikhil.das274@student.edu
S05275,qbueGR4N36ub,nikhil.nair275@student.edu
S05276,ShUOAXx5Goua,aishwarya.kumar276@student.edu
S05277,TXHSToFZHsOc,pooja.gupta277@student.edu
S05278,aM3f0fDhyiWM,vishnu.das278@student.edu
S05279,K6IE2sKhbobC,divya.kumar279@student.edu
S05280,h9lQbAR8vbp7,anjali.patel280@student.edu
S05281,nNy9CJyDmHKD,neha.reddy281@student.edu
S05282,PnZnfiAbDn2d,neha.menon282@student.edu
S05283,qxmqRoUVPBwX,arjun.gupta283@student.edu
S05284,l8QjvZENmcWS,sreya.pillai284@student.edu
S05285,gKB1hVcWH6nY,akhil.reddy285@student.edu
S05286,nCDE3YQ9GstA,vishnu.kumar286@student.edu
S05287,DPWhVNtFM3ES,arjun.pillai287@student.edu
S05288,SJmF59yJbWkj,anjali.das288@student.edu
S05289,ZwwAr92d8o18,kavya.reddy289@student.edu
S05290,Ir6grKS4jILa,kiran.iyer290@student.edu
S05291,fRDPWtIXZfOt,sreya.das291@student.edu
S05292,lkZGbE6JDWfq,anand.gupta292@student.edu
S05293,DJ1TB2whUksi,nikhil.gupta293@student.edu
S05295,JRhd8Hy7gx9U,pooja.patel295@student.edu
S05296,ylJ7eEa5POJp,rahul.das296@student.edu
S05297,iCauxhq8yU67,rohit.pillai297@student.edu
S05298,y3z7GM2tgQDr,kavya.menon298@student.edu
S05299,LhptrbzOIlvu,rohit.das299@student.edu
S05300,2Erdjxmw1agH,rahul.patel300@student.edu
S05301,mTMFY6cOIA44,sreya.menon301@student.edu
S05302,qHq6m3nV3wml,neha.menon302@student.edu
S05303,t0iLVzmqJsRP,akhil.sharma303@student.edu
S05304,70hn3QHM4XFZ,rahul.patel304@student.edu
S05305,D6i2XSElB8kh,pooja.nair305@student.edu
S05306,Ot16tCvgzjwZ,sreya.patel306@student.edu
S05307,Fk3LoQFrn7sA,vishnu.gupta307@student.edu
S05308,dmOj5hAObXGX,kavya.pillai308@student.edu
S05309,SbWKiWVMJX8G,meera.pillai309@student.edu
S05310,4sQGXpQtiFd4,nikhil.reddy310@student.edu
S05311,1g9qeyig8Tp4,rahul.iyer311@student.edu
S05312,mVqjR8jHpczM,aishwarya.sharma312@student.edu
S05313,WDzICguxeuJu,neha.kumar313@student.edu
S05314,4rGxiwRbjPX9,divya.pillai314@student.edu
S05315,J2I0cl2FiDQZ,priya.gupta315@student.edu
S05316,GLCqIA941awt,arjun.gupta316@student.edu
S05317,81JVfexg8ELU,akhil.menon317@student.edu
S05318,6Jggz2VtiRma,vishnu.das318@student.edu
S05319,mGWtfsfQdS9w,priya.pillai319@student.edu
S05320,GhfWhRRGdSwL,aishwarya.menon320@student.edu
S05321,pcXUpi5hhBvf,aditya.menon321@student.edu
S05322,DhxSPAjD5t6Z,priya.gupta322@student.edu
S05323,1NW0bTg5FnyB,sneha.reddy323@student.edu
S05324,ZM5JS9RYDHmt,akhil.sharma324@student.edu
S05325,jJ6ezLIiHoEK,arjun.sharma325@student.edu
S05326,keMIlriV7dyH,rahul.das326@student.edu
S05327,YLFeErg2w91t,rohit.kumar327@student.edu
S05328,VQc8Gaj2MVLp,pooja.pillai328@student.edu
S05329,ELcFrAYV0zQj,rahul.pillai329@student.edu
S05330,itnJd7CVR9bE,neha.das330@student.edu
S05331,ZAM5tiBhnhvz,neha.menon331@student.edu
S05332,BHFVmkTawQZq,priya.reddy332@student.edu
S05333,DNTYgchwGffa,meera.das333@student.edu
S05334,ijQg0TNRbdDA,sreya.kumar334@student.edu
S05335,VVFqsxuzc97t,akhil.patel335@student.edu
S05336,x7YytM63nnmJ,sanjay.patel336@student.edu
S05337,W1cGPv9wSMV2,vishnu.pillai337@student.edu
S05338,jDA7zHkF7bxq,arjun.kumar338@student.edu
S05339,6hwl8tSJajdV,sreya.das339@student.edu
S05340,RdT7xTivnQNI,aditya.nair340@student.edu
S05342,PxPMMp9LYiMn,rahul.patel342@student.edu
S05343,0rHpVLKDGUpr,aditya.menon343@student.edu
S05344,ToRAQhrm039s,sreya.reddy344@student.edu
S05345,GQsUFIEWdO2b,priya.patel345@student.edu
S05346,e02bM59HN276,aditya.gupta346@student.edu
S05347,7O9cqfZ7B2IT,pooja.iyer347@student.edu
S05348,GYM5GD78mNdb,anjali.pillai348@student.edu
S05349,5xnDTA4ooGXI,rahul.kumar349@student.edu
S05350,yrR0UnUYSZgc,aishwarya.pillai350@student.edu
S05351,D59hc9ovqWGO,aditya.pillai351@student.edu
S05352,4qroP7xdmjwm,rahul.sharma352@student.edu
S05353,MP9qTHKXbIpj,pooja.reddy353@student.edu
S05354,CYYOqKnjcT8u,priya.pillai354@student.edu
S05355,MHb4KApAusRn,divya.das355@student.edu
S05356,s2ylCrEFk3vV,priya.das356@student.edu
S05357,nDkQsSKwRUob,anjali.gupta357@student.edu
S05358,HRrFsBmmJYRn,rahul.kumar358@student.edu
S05359,sDoKbYLWZPa4,pooja.patel359@student.edu
S05360,FLuWWisw6gPj,priya.sharma360@student.edu
S05361,GOBOBGBf3XZF,divya.gupta361@student.edu
S05362,rBIFaamQDNzG,neha.sharma362@student.edu
S05363,516Go6LBq1zH,kiran.gupta363@student.edu
S05364,qWVBEjKaHAaF,priya.iyer364@student.edu
S05365,AQl4AWBXI9DE,aishwarya.kumar365@student.edu
S05366,CL8mhi1vWPyF,rohit.das366@student.edu
S05367,HVXRmIBQeeVO,aishwarya.patel367@student.edu
S05368,6YzMejoDaCWV,sanjay.iyer368@student.edu
S05369,qKVAopKZFCS2,anjali.das369@student.edu
S05370,F0JkgInCU6Rt,nikhil.patel370@student.edu
S05371,HgrkoLZXf9pv,sneha.patel371@student.edu
S05372,COaOh3GIpevw,sreya.das372@student.edu
S05373,vIBZHrjgaqqA,vishnu.pillai373@student.edu
S05374,F0YKk11f5K7C,rohit.nair374@student.edu
S05375,77cpZzeHzVmb,anand.nair375@student.edu
S05376,XdZFSIu89voc,rahul.sharma376@student.edu
S05377,4uxPVoMeo5xy,rahul.patel377@student.edu
S05378,0zQCODQwDy9H,aishwarya.patel378@student.edu
S05379,LR81jCeLeYLe,aishwarya.reddy379@student.edu
S05380,Hpq4zR3KcKeL,vishnu.pillai380@student.edu
S05381,LzZCDHB0ZDBY,pooja.iyer381@student.edu
S05382,X8cB5SAWkddS,anjali.iyer382@student.edu
S05383,CYCPH5RHA7s6,anjali.das383@student.edu
S05384,0AC5B9z0oCJ4,sreya.menon384@student.edu
S05385,5cm44e4tDclv,anjali.nair385@student.edu
S05386,S6NcLOUquA8J,neha.gupta386@student.edu
S05387,UAmHA5CBg5Ip,meera.das387@student.edu
S05388,4cKtS0zVGJ6c,divya.das388@student.edu
S05389,fKdFjuDUW4Tb,kavya.das389@student.edu
S05390,gQl0Iwt3c5FO,aditya.das390@student.edu
S05391,gG6D6L8ZrMBY,kiran.reddy391@student.edu
S05392,QNy6OkdY1UMr,rohit.reddy392@student.edu
S05393,obauT0W8c5XB,kavya.gupta393@student.edu
S05394,xj020MF5hZdz,vishnu.gupta394@student.edu
S05395,3gtEJviHn4dD,vishnu.menon395@student.edu
S05396,BM9aGiW2Tgly,nikhil.gupta396@student.edu
S05397,iGIFcFQPMSZG,anjali.sharma397@student.edu
S05398,Lid0f0ubRi7c,akhil.iyer398@student.edu
S05399,vlSysw4bbC9S,vishnu.sharma399@student.edu
S05400,XbxbKH9Gmgqd,sanjay.pillai400@student.edu
S05401,er8EJBIfSoQk,nikhil.das401@student.edu
S05402,3GZTivzmYOGW,rahul.iyer402@student.edu
S05403,NXuskXbB1Uxd,divya.reddy403@student.edu
S05404,nIwZLWjarzDd,priya.gupta404@student.edu
S05405,rN9VZPjpTEUD,rohit.patel405@student.edu
S05406,qfBe14QEQp9A,rohit.sharma406@student.edu
S05407,OVwMO207e0dv,sanjay.gupta407@student.edu
S05408,qHQEsEpMuXhp,divya.kumar408@student.edu
S05409,wh8rBUVya2K6,divya.iyer409@student.edu
S05410,orYX1R1Tuhvz,priya.reddy410@student.edu
S05411,81hut4g4sSIg,sanjay.reddy411@student.edu
S05412,Ubrsok8CJCtY,vishnu.sharma412@student.edu
S05413,CTZFe8QpoJkq,divya.patel413@student.edu
S05414,1Hg5dxJJ6aS0,rahul.gupta414@student.edu
S05415,GAEtHpC45ZHe,divya.menon415@student.edu
S05416,LnhLeZSknjff,aishwarya.iyer416@student.edu
S05417,Moi1BwjDiiJP,sanjay.nair417@student.edu
S05418,VXI3ySrnyvi4,sanjay.patel418@student.edu
S05419,NMBXcKmTeWUb,sreya.das419@student.edu
S05420,vqvoTTBjlvBA,rahul.kumar420@student.edu
S05421,kmnpbGmH5K1d,nikhil.sharma421@student.edu
S05422,YKsXhtiIjY5J,kavya.iyer422@student.edu
S05423,YWcRWzGR8NJe,arjun.pillai423@student.edu
S05424,7zrnMSQJCozz,vishnu.patel424@student.edu
S05425,iJB4JO8TtnJL,akhil.sharma425@student.edu
S05426,P169Az9nACyy,anand.gupta426@student.edu
S05427,IcY0LlnO4n0w,sreya.sharma427@student.edu
S05428,mqEI6AsLV3OV,kavya.kumar428@student.edu
S05429,KFchP9t6wJib,rohit.reddy429@student.edu
S05430,aPj1sG9tSFLM,aditya.iyer430@student.edu
S05431,xNLi70TZ82iW,anand.kumar431@student.edu
S05432,zkYwmP7QnwFu,pooja.patel432@student.edu
S05434,OoubH5uiLBAl,aditya.reddy434@student.edu
S05435,xFOjN6AV6VpJ,aditya.menon435@student.edu
S05436,JhOB3l5pPgT4,aditya.sharma436@student.edu
S08437,gVAZ2xMp2wBn,meera.menon437@student.edu
S05438,6FmnsEHeoWUd,anand.gupta438@student.edu
S05439,HppyLz8RE5MC,anand.iyer439@student.edu
S05440,i3ZPHL1a1He4,aishwarya.das440@student.edu
S05441,O1qzRkeBRalW,akhil.nair441@student.edu
S05442,EOtau7AU9dSy,anjali.iyer442@student.edu
S05443,n2nrLGJufist,kiran.gupta443@student.edu
S05444,fZi7pfWDaaFF,rahul.patel444@student.edu
S05445,sTSAEUnA6xdt,sneha.das445@student.edu
S05446,dlgO86dIXSTp,divya.das446@student.edu
S05447,CGxpeYRt897W,pooja.patel447@student.edu
S05448,3zzzSiymIrqC,divya.nair448@student.edu
S05449,cs8mVWJ0Rt66,aishwarya.kumar449@student.edu
S05450,WwS7Cxmho74C,rahul.nair450@student.edu
S05451,CfYz9CDid7JH,arjun.reddy451@student.edu
S05452,7MBbsnH1lzhV,priya.gupta452@student.edu
S05453,LXOMuvC78QPV,aishwarya.reddy453@student.edu
S05454,13hpMFEy5jqB,meera.das454@student.edu
S05455,NrYPCTAzsQKJ,neha.nair455@student.edu
S05456,q3FqVKCKGjYh,arjun.gupta456@student.edu
S05457,1mOXzVKCr03h,nikhil.gupta457@student.edu
S05458,2D5D4rB42ND4,akhil.gupta458@student.edu
S05459,2n8uB86y7dY0,vishnu.sharma459@student.edu
S05460,RUirjzeavHHd,aishwarya.gupta460@student.edu
S05461,AZWykGeBuWA5,anjali.reddy461@student.edu
S05462,5IWvziAzWDcO,sanjay.kumar462@student.edu
S05463,71Ks8TTkrbNs,aditya.pillai463@student.edu
S05464,KuEXKzVdqy9S,divya.menon464@student.edu
S05465,8db9WmJTB6Y3,aditya.reddy465@student.edu
S05466,6LtuXWwgs23u,sreya.menon466@student.edu
S05467,DxSHYp8h7UoE,neha.patel467@student.edu
S05468,V4Na00xKgLT4,sreya.menon468@student.edu
S05469,GUvXI35rHHvf,priya.kumar469@student.edu
S05471,OyC58YdLSqNc,vishnu.iyer471@student.edu
S05472,hOVFGbuJF5Np,neha.pillai472@student.edu
S05473,6A4hGOJi2Ty5,anjali.patel473@student.edu
S05474,tehlZ8laLUuJ,aishwarya.kumar474@student.edu
S05475,oD0DgKXMgLxf,priya.das475@student.edu
S05476,EU4mimJamy6S,sneha.menon476@student.edu
S05477,ep0sjSgHumkq,rahul.nair477@student.edu
S05478,aqXyOIso3M19,neha.menon478@student.edu
S05479,WUWHVAS6cQwL,akhil.kumar479@student.edu
S05480,fKa9jWimqtDU,kavya.patel480@student.edu
S05482,pDpSMK2Nn6TY,sanjay.reddy482@student.edu
S05483,HAGOLTQF9H6w,anand.gupta483@student.edu
S05484,ffATtiFUnByT,kavya.pillai484@student.edu
S05485,mc6UN2FaJPLq,aditya.iyer485@student.edu
S05486,SHMT31Gx8i9b,arjun.menon486@student.edu
S05487,zzGf6DyoZ1bf,rohit.iyer487@student.edu
S05488,X0J72eLRY4H2,priya.das488@student.edu
S05489,EHHGybvSDk2s,sreya.patel489@student.edu
S05490,O3isBj5kpaKC,kiran.patel490@student.edu
S05491,jZmH8arI5TaT,nikhil.menon491@student.edu
S05492,i3AfmoxdZWh5,sreya.nair492@student.edu
S05493,rPQGKHAyUIyR,pooja.pillai493@student.edu
S05494,jHHAJ6UnUFnu,sanjay.gupta494@student.edu
S05495,aB4T9CL20ZVE,kiran.iyer495@student.edu
S05496,OsHHj0Lr9tQA,neha.iyer496@student.edu
S05497,OdLRSHlTGEKn,sanjay.menon497@student.edu
S05498,2jMu7CTjT4nF,akhil.pillai498@student.edu
S05499,VQzFuqc7PQeA,arjun.patel499@student.edu
S05500,K11V0BXI8sEE,pooja.nair500@student.edu
S05501,OaOqTF1jkJ6D,kiran.patel501@student.edu
S05502,zYNi2ruspiYX,anjali.gupta502@student.edu
S05503,lwqZIMnTSmcE,vishnu.sharma503@student.edu
S05504,VTaHzm0hFHFr,kavya.reddy504@student.edu
S05505,7V2IgkXZAlNV,rahul.gupta505@student.edu
S05506,ItPepBQ28xea,meera.patel506@student.edu
S05507,xAiO32ulyYe1,anand.reddy507@student.edu
S05508,lxUDwhWUanrn,nikhil.nair508@student.edu
S05509,dN5qb5g10Gy6,pooja.pillai509@student.edu
S05510,hvxOjQDT48Li,neha.gupta510@student.edu
S05511,CqMb7Oub4gC5,nikhil.pillai511@student.edu
S05512,dz3BcV4R9NxR,anand.reddy512@student.edu
S05513,Y2rNDPEsvmtn,rahul.sharma513@student.edu
S05514,4ColEszTbvFO,neha.sharma514@student.edu
S05515,nc5tMaucbUD1,anand.reddy515@student.edu
S05516,xsAua9J0wXza,aditya.patel516@student.edu
S05517,i1KSdesCjsxe,vishnu.menon517@student.edu
S05518,0J04CBZEXs9o,akhil.iyer518@student.edu
S05519,NvusOSae3gg7,meera.nair519@student.edu
S05520,mkPZOCOUHaBY,aishwarya.pillai520@student.edu
S05521,B0KZl2gAEMli,akhil.reddy521@student.edu
S05522,q8ISGUH2e2Qd,kavya.menon522@student.edu
S09523,TnPmhR2u75Kv,anjali.patel523@student.edu
S05524,XbwCFPvJxsoz,rohit.iyer524@student.edu
S05525,NCUf5W7HU0zT,anand.patel525@student.edu
S05526,GkXFzlry8yZu,neha.menon526@student.edu
S05527,PXs4KFfpKtm2,sreya.nair527@student.edu
S05528,DrvW0DLHKODp,sneha.reddy528@student.edu
S05529,FhitcgqKg117,rahul.reddy529@student.edu
S05530,dQFQ5iuOerR9,anand.menon530@student.edu
S05531,AXRC9C5Yzbjn,sneha.das531@student.edu
S05532,bleSB6EgydVC,meera.sharma532@student.edu
S05533,TGsCxriv6iB0,nikhil.gupta533@student.edu
S05534,v5kvIcYAUlXG,neha.gupta534@student.edu
S05535,zVS29FvEdfDb,arjun.iyer535@student.edu
S05536,1ie2D0pxPz0p,meera.das536@student.edu
S05537,d074KnDxCE8P,neha.pillai537@student.edu
S05538,TqgePAcZZ3fQ,priya.menon538@student.edu
S05539,WCPE440pK6T7,kavya.nair539@student.edu
S05540,Wa0Tkay6mEg0,kavya.nair540@student.edu
S05541,jEVUw2XwlXE8,sreya.kumar541@student.edu
S05542,prmLJrIcjn2w,neha.reddy542@student.edu
S05543,cnBrf18BgzMm,meera.menon543@student.edu
S05544,kQv3oN4qIFeg,priya.reddy544@student.edu
S05545,nsgb02pecAqT,akhil.reddy545@student.edu
S05546,Rtx8J28mrMvE,pooja.das546@student.edu
S05547,zjKTFi51OKhl,pooja.sharma547@student.edu
S05548,9vtlOg9XcN0D,aditya.menon548@student.edu
S05549,zB5Rrc21uAUf,aditya.sharma549@student.edu
S05550,m3wq8OgkguGO,rohit.reddy550@student.edu
S05551,N9OCrljKMySw,sanjay.sharma551@student.edu
S05552,zYk9UI592wFD,arjun.das552@student.edu
S05553,2yZwgeuAqn6a,anand.sharma553@student.edu
S05554,ULfmf4hfB88q,anjali.iyer554@student.edu
S05555,Rbvtvj5Fc6dI,akhil.pillai555@student.edu
S05556,pQAEPkMWjcqD,vishnu.reddy556@student.edu
S05557,i3QBrpdVMtPI,aditya.pillai557@student.edu
S05558,MO0CYg4GX74r,vishnu.das558@student.edu
S05559,FHc0GsJp9qOh,kavya.gupta559@student.edu
S05560,tEdkkmB7hMuy,sanjay.das560@student.edu
S05561,yHVUt6s9EqNl,meera.patel561@student.edu
S05562,p1NkI4HiNJpL,arjun.patel562@student.edu
S05563,GoPi4jsuhgGz,kavya.sharma563@student.edu
S05564,YYqVFiXj3l51,rahul.nair564@student.edu
S05565,TFdTJchmp0aJ,sneha.sharma565@student.edu
S05566,pmvEBfGr1iqN,kavya.pillai566@student.edu
S05567,xxkPSjWVyzjT,nikhil.patel567@student.edu
S05568,Jq1iQ3rrurv1,sreya.iyer568@student.edu
S05569,pl4kxmPWQ5BI,sreya.reddy569@student.edu
S05570,wla3vtlEAgJr,anjali.reddy570@student.edu
S05571,lZvZCJAZ21Mh,kiran.reddy571@student.edu
S05572,1fnYwisv003w,priya.pillai572@student.edu
S05573,aimVjNxlGEX6,anjali.das573@student.edu
S05574,YSn93E4l1Cue,vishnu.das574@student.edu
S05575,W6UkqTMSbxdD,pooja.patel575@student.edu
S05576,IIshod5WPrFL,anand.das576@student.edu
S08577,YeuC6XHSq7UX,aishwarya.pillai577@student.edu
S05578,OBCsjlrNka7D,sanjay.gupta578@student.edu
S05579,SRD3c6XtzFEU,aishwarya.reddy579@student.edu
S05580,F9sKcKlQlzRF,aditya.patel580@student.edu
S05581,3OMQrtSk1EGx,anand.patel581@student.edu
S05582,hK13BjXSlVQW,neha.menon582@student.edu
S05583,6CywcAtRRmw3,priya.gupta583@student.edu
S05584,iNX4UAP7NUK6,anand.patel584@student.edu
S05585,Uw6MhTkW9bH2,meera.pillai585@student.edu
S05586,uQRAiMw4lH7o,neha.kumar586@student.edu
S05587,QHnXrKPqQqDN,divya.das587@student.edu
S09588,Whz65Ylyf79O,sneha.iyer588@student.edu
S05589,0WlEk9Rryeki,neha.kumar589@student.edu
S05590,A01T5J8T8pVt,sanjay.reddy590@student.edu
S05591,RIqArnTCqB9f,rahul.sharma591@student.edu
S05592,wVpb9neEzpjP,rohit.reddy592@student.edu
S05593,BnphMInoZK2z,neha.patel593@student.edu
S05594,9EMZx2eiGN19,rohit.reddy594@student.edu
S09595,YQv73Jycyd3E,vishnu.pillai595@student.edu
S05596,UobTMRSvPykC,rahul.menon596@student.edu
S05597,gMQWOk3ywiOd,neha.patel597@student.edu
S05598,ljknO8p81iJo,kiran.gupta598@student.edu
S05599,9lx7i8R81GbR,sreya.menon599@student.edu
S05600,55tX2jp4hKfr,sneha.sharma600@student.edu
S05601,g8wgyaejX8rp,pooja.gupta601@student.edu
S05602,F4Jja8fdcWYa,kiran.sharma602@student.edu
S05603,BdBZMariaAta,arjun.reddy603@student.edu
S05604,tMfNjAAIDimh,sneha.das604@student.edu
S05605,1Zq8wsVGAiNS,divya.gupta605@student.edu
S05606,qSkOPnNQAK1L,divya.das606@student.edu
S05607,wQF4JdT0d30B,sanjay.pillai607@student.edu
S05608,0O3dFZaoFzWP,rahul.kumar608@student.edu
S05609,AGL6drdRfYIJ,priya.iyer609@student.edu
S05610,Jzag0TAylIJh,rohit.das610@student.edu
S05611,QVTUsvchk0fL,sanjay.nair611@student.edu
S05612,xTfZOwR0oHom,rahul.reddy612@student.edu
S05613,mo7uUd3Hrf7j,vishnu.patel613@student.edu
S05616,LmfG0RZR7G0L,priya.patel616@student.edu
S05617,lLEUHuTI8f4B,akhil.patel617@student.edu
S05618,JzHAdbEiFvsO,nikhil.pillai618@student.edu
S05619,kEXTgNLlHIm5,kavya.reddy619@student.edu
S05620,hYqhbXZ9N2NX,arjun.sharma620@student.edu
S05621,oRX1fsAnyXbg,akhil.kumar621@student.edu
S05622,sg8WI8VVKNmo,nikhil.iyer622@student.edu
S05623,RF3neHmUyUSq,nikhil.menon623@student.edu
S05624,y2hw0CK6lMCG,priya.patel624@student.edu
S05625,D3M9NE70ViNd,divya.reddy625@student.edu
S05626,qXxAKwl2Cdr4,aishwarya.reddy626@student.edu
S05627,c2F2qaJAc0XQ,meera.sharma627@student.edu
S05628,cOG43eJUafNe,rohit.sharma628@student.edu
S05629,4EosP27HD6OD,aditya.pillai629@student.edu
S05630,WK8QWlgzWBvx,aditya.sharma630@student.edu
S05631,0CG7pygHcoMM,priya.menon631@student.edu
S05632,3vCkFJEMw9Yl,sreya.kumar632@student.edu
S05633,ZuCPFg52VyQL,kavya.iyer633@student.edu
S05635,lloevuVFr4dZ,vishnu.menon635@student.edu
S05636,vxV5G99QYx9d,neha.menon636@student.edu
S05637,cSA2GswsMnwg,akhil.nair637@student.edu
S05638,XRoGGPsTQJc9,divya.kumar638@student.edu
S05639,3wN5gsObbskL,sanjay.nair639@student.edu
S05640,q15Yhk0sXi0t,sneha.sharma640@student.edu
S09641,Z50fv3sxipOf,priya.iyer641@student.edu
S05642,zfOVEtS3xUz8,anjali.sharma642@student.edu
S05643,qWdszUzfUhzD,arjun.kumar643@student.edu
S05644,HqMMlqKGWnVa,sanjay.gupta644@student.edu
S05645,h9tj08Dcih5T,sanjay.pillai645@student.edu
S05646,DJPrSBwHDZVy,neha.gupta646@student.edu
S05647,RdMFxyTta5nA,priya.das647@student.edu
S05648,ANoNKFY9zkBe,nikhil.nair648@student.edu
S05649,5kBinWSYESiS,aditya.pillai649@student.edu
S05650,B7sdEgK5sc9s,neha.menon650@student.edu
S05652,qmdydicWzdcM,pooja.menon652@student.edu
S05653,Ajx6pokDYRxF,meera.sharma653@student.edu
S05654,QViwPnwj560a,meera.patel654@student.edu
S05655,4pFAdMWOnlbV,anjali.menon655@student.edu
S05656,ZSJig4EPBeel,arjun.iyer656@student.edu
S05657,NmSIvzd30U56,pooja.pillai657@student.edu
S05659,qhv3ZMw2f03q,priya.iyer659@student.edu
S05660,4PXcQ6Ne1mUS,vishnu.nair660@student.edu
S05661,26fglNIlg5GX,akhil.nair661@student.edu
S05662,9Hd8i2NkqhIq,sneha.das662@student.edu
S05663,GPlVbjRISyOm,rahul.sharma663@student.edu
S05664,f6TcjCxlJ2VU,arjun.kumar664@student.edu
S05665,oKvEFa98Zkec,arjun.gupta665@student.edu
S05666,xdZjZWvIuFHr,sreya.reddy666@student.edu
S05667,ISbT6BrnOP8r,anand.menon667@student.edu
S05668,xLrpXXzg0bzQ,rahul.gupta668@student.edu
S05669,VWb8ykpm4sKF,anand.gupta669@student.edu
S05670,I5U9MdUVMEVg,sreya.sharma670@student.edu
S05671,Jc0usNfZ661T,anjali.kumar671@student.edu
S05672,CyhNey2kGNYu,kiran.patel672@student.edu
S05673,YGHtgTFIJlZn,rohit.pillai673@student.edu
S05674,fgpJqgRPBx08,kiran.gupta674@student.edu
S05675,FqZGZt1WULpS,arjun.gupta675@student.edu
S05676,eF4wqJwzW6d5,sneha.menon676@student.edu
S05677,fI3CFGjYmyw1,nikhil.pillai677@student.edu
S05678,B40Yy1SL0cPA,divya.nair678@student.edu
S05679,IjOOuDIwWTKB,kavya.menon679@student.edu
S05680,4wXKElEDrATE,divya.nair680@student.edu
S05681,oitqet8wHvfo,nikhil.reddy681@student.edu
S05682,T0OwOngwcMyx,sanjay.iyer682@student.edu
S05683,zjcLifYMpGHZ,sreya.iyer683@student.edu
S07684,pIM8bcCYydz9,priya.gupta684@student.edu
S05685,W3tzS72mUIsF,nikhil.iyer685@student.edu
S05686,JHtYCUKkPBkY,rahul.gupta686@student.edu
S05687,n2W0Rm5W0uIn,anjali.kumar687@student.edu
S05688,R4RsUNBmaDkJ,pooja.patel688@student.edu
S05689,7GAieEHYfAXQ,aditya.sharma689@student.edu
S05690,l3yMQnC1f82S,akhil.menon690@student.edu
S05691,lnwuu2Tz9UCI,akhil.patel691@student.edu
S05692,LOxv4lfhySiy,aishwarya.pillai692@student.edu
S05693,bfOVd6C9FKOp,vishnu.gupta693@student.edu
S05694,skPYPBRerFJP,aditya.kumar694@student.edu
S05695,tIEY02ABmn0l,rahul.iyer695@student.edu
S05696,irPJjikcnk8I,anjali.gupta696@student.edu
S06697,x2wvREErmN3R,sneha.menon697@student.edu
S05698,7oTULlzqsmF1,sanjay.reddy698@student.edu
S05699,QQt68XDM9gl7,kavya.patel699@student.edu
S05700,s8AkozCb6FCS,kavya.pillai700@student.edu
S05701,uMdX4n3GgOA9,neha.patel701@student.edu
S05702,nT9gQGbuXdNb,arjun.pillai702@student.edu
S05703,zXwx2UR12CRS,aditya.menon703@student.edu
S05704,hs49tsuu1B99,divya.pillai704@student.edu
S05705,COtj37ddaPfO,meera.kumar705@student.edu
S05706,bwsdkU6uKrku,sanjay.das706@student.edu
S05707,5oBwB3CSNy9v,anand.gupta707@student.edu
S05708,9TzztOJ7oQvw,neha.patel708@student.edu
S05709,rLlralOTBoT9,arjun.das709@student.edu
S05710,jm92brze7jOc,vishnu.nair710@student.edu
S05711,JUbr89YOoTmd,sreya.sharma711@student.edu
S05712,nG9ldSCJ4YFM,rahul.kumar712@student.edu
S05713,5tZVc8d9Wue7,vishnu.sharma713@student.edu
S09714,vnUkFuRapUT8,anand.patel714@student.edu
S05715,xKBQ1LjiWP9m,rahul.iyer715@student.edu
S05716,J1KMiz3gL8bQ,rahul.patel716@student.edu
S05717,dgGCOh3AXlEx,rahul.kumar717@student.edu
S05718,C1edi3X3ZI73,arjun.iyer718@student.edu
S05719,wHXEXddzv0IC,sanjay.das719@student.edu
S05720,sF6c4Xa8mqVz,sreya.das720@student.edu
S05721,pXPgBekgZI3V,sneha.nair721@student.edu
S05722,WQ3DQV434che,rahul.sharma722@student.edu
S05723,bC1eJuEtjbGM,aditya.gupta723@student.edu
S05724,XM2JZD9zr4nz,rohit.sharma724@student.edu
S05725,CuesPzfBfBHS,sreya.das725@student.edu
S05726,UcyjLYCFRBe5,anand.kumar726@student.edu
S05727,ynp0ZdlHMeUq,sanjay.das727@student.edu
S05728,vdXz5ZyQkrAn,priya.iyer728@student.edu
S05729,gVvtgpHxqkwp,neha.pillai729@student.edu
S05730,ZIW4HmhE1YDL,kavya.kumar730@student.edu
S05731,YN8zEDS3XMOn,aditya.pillai731@student.edu
S05732,PYJflxXPxYA3,divya.das732@student.edu
S05733,MWKYDzTZJxlo,divya.patel733@student.edu
S05734,lU9mXBH5s1At,priya.das734@student.edu
S05735,fXUp5HFaRq49,rahul.gupta735@student.edu
S07736,jr4mSYDIDXag,kiran.das736@student.edu
S05737,P14nyEzlvFBL,nikhil.reddy737@student.edu
S05738,SAOJ7pzgfkLt,vishnu.nair738@student.edu
S05739,LgriL6F6KjKm,kiran.gupta739@student.edu
S05740,5sc2y2AURQ3j,pooja.sharma740@student.edu
S05741,qvxexyzSdFWN,rohit.reddy741@student.edu
S05742,LmzIF0QVl1dV,aditya.menon742@student.edu
S05743,zo1y72NVFsak,akhil.sharma743@student.edu
S05745,TVV3HxFBJjoU,arjun.nair745@student.edu
S05746,xhAKsii4xZu3,akhil.pillai746@student.edu
S05747,ESs598P0ISMc,nikhil.sharma747@student.edu
S05748,eCqIEHPY7M2I,nikhil.nair748@student.edu
S05749,P8kSKawgwLz6,neha.patel749@student.edu
S05750,Y3ZTWQfT9zgG,vishnu.reddy750@student.edu
S05751,frkU5btd9Vkq,nikhil.gupta751@student.edu
S05752,PLM8P0pfB83t,aditya.patel752@student.edu
S05753,cHZAoexPfc0o,aishwarya.iyer753@student.edu
S05754,aVukbdpjy9Hz,anjali.gupta754@student.edu
S05755,AP46RiIoEciv,meera.iyer755@student.edu
S05756,e40dfeYRNOKm,anand.pillai756@student.edu
S05757,9mOUGRzy9gRH,pooja.das757@student.edu
S05758,LzCOK5DzmaD2,rahul.patel758@student.edu
S05759,5CUmQtKIyMoN,rahul.pillai759@student.edu
S05760,8JwNW0NBwy3f,priya.das760@student.edu
S05761,8590Nws1iMEh,vishnu.sharma761@student.edu
S05762,wocSoF7witNC,sreya.kumar762@student.edu
S05763,qdaD66EVtEzn,akhil.kumar763@student.edu
S05764,0PC2cXraeDyV,aditya.das764@student.edu
S05765,X7cli22mLxp1,nikhil.sharma765@student.edu
S05766,pNzPvSlSEsf6,arjun.sharma766@student.edu
S05767,QG6rxyXdokXD,anjali.pillai767@student.edu
S07768,dIPGz2RBHMsG,kiran.kumar768@student.edu
S05769,hBkAiTKipYdH,kiran.sharma769@student.edu
S05770,GMOiEKSYr467,kiran.nair770@student.edu
S05771,32HsGPcPq6Rf,kavya.iyer771@student.edu
S05772,towV1JfmM9rW,neha.sharma772@student.edu
S05773,ncmYaSS4G2bN,anand.patel773@student.edu
S05774,5X0uSkUHSJEc,aishwarya.reddy774@student.edu
S05775,wgL3B41GyRQk,rohit.patel775@student.edu
S05776,OjwDq9MY0UBV,kavya.patel776@student.edu
S05777,KIz4avIhGbo4,sneha.menon777@student.edu
S05778,rD1cwpoqs5Wp,akhil.sharma778@student.edu
S05779,KksQdi31TitL,akhil.patel779@student.edu
S05780,gCptwxH1MgmK,anjali.reddy780@student.edu
S05781,T9HIbcB7aLqQ,arjun.iyer781@student.edu
S05782,H9Gr3vAu7W3t,aishwarya.patel782@student.edu
S05783,LJ5DPBrrMhqS,aishwarya.menon783@student.edu
S05784,T3JCTypTgBkw,sanjay.menon784@student.edu
S05785,54NJazjpmVC2,anjali.sharma785@student.edu
S05786,0xq3OBawHTqV,aditya.gupta786@student.edu
S05787,ewVJqCimjiES,arjun.das787@student.edu
S05788,1VRkzAwwwHhv,pooja.sharma788@student.edu
S05789,rgmnlSkIjVCB,kiran.reddy789@student.edu
S05790,XkWTHqOxLH9n,aishwarya.patel790@student.edu
S05791,6MVV4hWKQuoy,arjun.reddy791@student.edu
S05792,zZpskATfq88Y,arjun.gupta792@student.edu
S05793,Gd4bWyHKtAqv,sneha.gupta793@student.edu
S05794,X3lz1jHlpQYH,kiran.kumar794@student.edu
S05795,Su61FnpG2rYl,meera.gupta795@student.edu
S05796,jXhfDcGFtBIl,kiran.kumar796@student.edu
S05797,u1EqY6Si4ZV3,sneha.reddy797@student.edu
S05798,xnqCbk9DrN88,pooja.menon798@student.edu
S05799,y17eUKr1JtXg,divya.iyer799@student.edu
S05800,ZFQEohtUagUf,rohit.reddy800@student.edu
S05801,M9QWTEflZIQb,sneha.nair801@student.edu
S05802,1rvcolUgOnjr,divya.reddy802@student.edu
S05803,42eaHqXxO1to,meera.nair803@student.edu
S05804,NK1vVcIZXV0a,akhil.gupta804@student.edu
S05805,sADtzM5n8PF6,akhil.iyer805@student.edu
S05806,zSox7J8H8EDH,neha.iyer806@student.edu
S05807,g3gthdH7mZJf,rahul.gupta807@student.edu
S05808,xqBOM4KKNOuc,kavya.kumar808@student.edu
S05809,7kENL7Ohk1tv,kiran.nair809@student.edu
S05810,oAOXcTvlXno1,akhil.reddy810@student.edu
S05812,yZMMVBmoAyid,aditya.kumar812@student.edu
S05813,3JZoHHb8TiLZ,aishwarya.kumar813@student.edu
S05814,F4efr7jNaOIf,sanjay.gupta814@student.edu
S05815,3iFN5E8m9aTN,nikhil.gupta815@student.edu
S05816,rWEXY4IJp5Z4,neha.patel816@student.edu
S05817,jk1ZVZ8f8l9e,akhil.nair817@student.edu
S05818,FKi9sNvuaYNY,rohit.gupta818@student.edu
S05819,vnaWvvGxAEyG,arjun.das819@student.edu
S05820,dyuYZCQramK4,anjali.sharma820@student.edu
S05821,hSsHJEFrfMvX,pooja.menon821@student.edu
S05822,MTlVBYgQxpxb,vishnu.patel822@student.edu
S05823,y2EyqZ5GEbzr,meera.nair823@student.edu
S05824,hUyXGkNuJvv1,vishnu.pillai824@student.edu
S05825,Tqe9OfUwkyUi,rohit.reddy825@student.edu
S05826,Fc3NwvISvOoJ,priya.patel826@student.edu
S05827,T2GIDhRLWVYQ,anjali.das827@student.edu
S05828,1YTbRbjr01Lp,rohit.das828@student.edu
S05829,KKcz1BzfJ3Pu,vishnu.gupta829@student.edu
S05830,YXnpG2DkWosf,pooja.nair830@student.edu
S05831,httHfqxZKKAQ,vishnu.das831@student.edu
S05832,THZuUojS7g2E,rahul.reddy832@student.edu
S05833,48sW53E7c4bI,divya.iyer833@student.edu
S05835,ARt8g9jT07Mb,priya.menon835@student.edu
S05836,7GQ4swNZabQq,pooja.das836@student.edu
S05837,DyFKQu7t8bfV,aditya.kumar837@student.edu
S05838,HQ72st8JiZfy,anjali.das838@student.edu
S05839,3anOmDcgdPht,aishwarya.sharma839@student.edu
S05840,7oAGjyLQKeXB,anjali.sharma840@student.edu
S08841,To8JoA389gLy,arjun.reddy841@student.edu
S05842,051HfxvGaeFX,sreya.menon842@student.edu
S05843,nLnymbsKTROs,vishnu.das843@student.edu
S05844,lcVxE926eDPh,neha.pillai844@student.edu
S05845,3E3LpC0hjMnm,neha.iyer845@student.edu
S05846,omo5A9biykci,akhil.menon846@student.edu
S05847,k6rQoylIubQp,neha.patel847@student.edu
S05848,jpIrxKjxhdIn,neha.menon848@student.edu
S05849,J7mMQ2OEFdSc,anand.das849@student.edu
S05850,wmKc3K8syg42,kiran.nair850@student.edu
S05851,GxImUM3ZbdMG,priya.das851@student.edu
S05852,rC6j4trm1LPb,sreya.sharma852@student.edu
S05853,m1ghj60i2JWA,vishnu.pillai853@student.edu
S05854,JzuqZTSxEAqg,vishnu.sharma854@student.edu
S05855,D3q6Pp1ZX3hG,nikhil.menon855@student.edu
S08856,2Ef0Ncqjk9I3,meera.iyer856@student.edu
S05857,P4otjKcMHXTN,aditya.pillai857@student.edu
S05858,NpyF80zsXmqh,pooja.pillai858@student.edu
S05859,GYymXCuhjDAG,sreya.reddy859@student.edu
S05860,wcIcXUzxxSBX,arjun.nair860@student.edu
S05861,RxpAvLQUxiTv,neha.patel861@student.edu
S05862,X1ZFqpMfFoXo,anjali.menon862@student.edu
S05863,8hrT6PMGKqwK,pooja.das863@student.edu
S05864,uB7dhLQmPAeM,priya.kumar864@student.edu
S05865,0Kt2A1Opkhla,kavya.sharma865@student.edu
S05866,aeAPSXJ6BOG1,priya.das866@student.edu
S05867,LuNWGNOzbGht,priya.reddy867@student.edu
S05868,G9NMs8XHNE3g,arjun.menon868@student.edu
S05869,F7xtg1eA6b8E,rohit.das869@student.edu
S05870,VnnZKpfPzQ6E,aditya.gupta870@student.edu
S05871,29duycDIJzTY,meera.pillai871@student.edu
S05872,pCKHN3sByqh3,aishwarya.patel872@student.edu
S05873,bTOvf6vd5UdH,priya.reddy873@student.edu
S05874,8ZNUXNu9j0WP,divya.patel874@student.edu
S05875,e1EZMLMjAQMN,divya.reddy875@student.edu
S05876,EK7pBIuvm4FP,neha.menon876@student.edu
S05877,tl58pYYiVBSk,rahul.das877@student.edu
S05878,UZlQKf0bpqXo,rahul.pillai878@student.edu
S05879,MzjNcuaJvRRh,sneha.kumar879@student.edu
S05880,Zrf2M1CL8fix,rohit.gupta880@student.edu
S05881,aUPBw2huVqYW,priya.iyer881@student.edu
S05882,FMTA165zLJb5,anjali.sharma882@student.edu
S05883,RsJLmbdNoJqn,kavya.gupta883@student.edu
S05884,D0bbxOm0CXB1,anjali.menon884@student.edu
S05885,KDnQloeH8vp0,divya.menon885@student.edu
S05887,gJhD4AIeUoVT,pooja.pillai887@student.edu
S05888,1knqsINHJ4n1,nikhil.das888@student.edu
S05889,Rgno7QjniSse,priya.nair889@student.edu
S05890,lYaf7yUZqk3L,arjun.gupta890@student.edu
S05891,IeMbgeV8MQzn,priya.kumar891@student.edu
S05892,MaX6f8FOfBk5,nikhil.nair892@student.edu
S05893,IoWPyYnUBtbf,rohit.gupta893@student.edu
S05894,0TRaZzAVepjo,sreya.kumar894@student.edu
S05895,VSRRBiCkaqzA,aishwarya.menon895@student.edu
S05896,cqEod0Krr5Jm,divya.kumar896@student.edu
S05897,8Ch5kPLeLzXq,kiran.kumar897@student.edu
S05898,ComTHFBOQRK5,pooja.menon898@student.edu
S05899,TJiVltVxGMCd,akhil.iyer899@student.edu
S05900,cYQZqk0KTjqZ,pooja.nair900@student.edu
S05901,T1nSnC4oYFaN,arjun.gupta901@student.edu
S05902,Gpe0ZTBQKccD,vishnu.gupta902@student.edu
S05903,bhqPp9eg0qXw,aditya.reddy903@student.edu
S05904,0QT1I8itJnle,rohit.reddy904@student.edu
S05905,avAhrkdlaciO,pooja.das905@student.edu
S05906,8LtXJvFyojD1,kiran.patel906@student.edu
S05907,tUpaEm0J0WR2,sneha.patel907@student.edu
S05908,LsVkRXtBfcAA,akhil.iyer908@student.edu
S05909,sF37N6le4PC7,nikhil.menon909@student.edu
S05910,W1D30lEilAwZ,sreya.nair910@student.edu
S05911,LBv8bYR54Hci,arjun.das911@student.edu
S05912,Es0Xb1NjTFHV,aishwarya.das912@student.edu
S05913,NDyIaPh52u7T,kiran.nair913@student.edu
S05914,svXfR6daQIQ2,aditya.sharma914@student.edu
S05915,O3Om0iJMapBR,pooja.sharma915@student.edu
S05916,ssLq61KCs4NI,vishnu.pillai916@student.edu
S05917,bPy9kAI6GYwg,kavya.gupta917@student.edu
S05918,4ePixn50Ptj8,anand.sharma918@student.edu
S05919,slv7VF3WHUks,anjali.patel919@student.edu
S05920,x20UTvmjR0vZ,sneha.iyer920@student.edu
S05921,LX8a0QyDHjuY,anjali.gupta921@student.edu
S05922,MV1FnpOXhVj2,anjali.nair922@student.edu
S05923,psqE4vj105UH,nikhil.iyer923@student.edu
S05924,vzdg4lB7K53G,sanjay.sharma924@student.edu
S05925,MR5gOgYkFTZz,divya.pillai925@student.edu
S05926,PLVOXvm8wH2e,sneha.das926@student.edu
S07927,ZWOYhEqFxnrU,nikhil.nair927@student.edu
S05928,Ebqjndbqe08F,nikhil.kumar928@student.edu
S05929,6tgc9DA38QmV,divya.reddy929@student.edu
S05930,F94NV4HBKSMA,pooja.das930@student.edu
S05931,0lTkPRbPawtw,aditya.gupta931@student.edu
S05932,iGqNxpVdlh1z,kiran.pillai932@student.edu
S05933,2ng0pxWehjTP,anand.nair933@student.edu
S05934,kazHpXm59IMc,divya.kumar934@student.edu
S05935,xCcQbOH69vB8,meera.gupta935@student.edu
S05936,OaQFsUt1N8Ty,aditya.kumar936@student.edu
S05937,R7eA9kmMXmPK,kiran.iyer937@student.edu
S05938,SWtVYBvm86k3,divya.kumar938@student.edu
S05939,piveyxBhxTME,kiran.reddy939@student.edu
S05940,pgopkVh5K4Xu,divya.kumar940@student.edu
S05941,fiXgsBlsZ0pN,anjali.iyer941@student.edu
S05942,cpfr2laD7lKD,neha.gupta942@student.edu
S05943,yUduYQ2YR1Xw,akhil.gupta943@student.edu
S05944,L2yz4aiQaIzk,neha.patel944@student.edu
S05945,oxWcn7GOCq45,meera.nair945@student.edu
S05946,yWmjnAOY78VY,akhil.nair946@student.edu
S05947,KGGouMH2X6KN,aishwarya.sharma947@student.edu
S05948,3l8ArSJb8PoU,akhil.iyer948@student.edu
S05949,w3HC3NzuBqJG,anand.iyer949@student.edu
S05950,JLmFce3WUBe9,kiran.kumar950@student.edu
S05951,vVznkw9dprXU,sanjay.das951@student.edu
S05952,oFafV4mjpHNH,arjun.iyer952@student.edu
S05953,TDxPlDfxi73I,divya.menon953@student.edu
S05954,57qeFDwGhEE1,arjun.das954@student.edu
S05955,eBr9yHc7DAy2,vishnu.nair955@student.edu
S05956,Mnt2ruT7awI4,anand.kumar956@student.edu
S05957,YCGVXbgd9H4T,kavya.gupta957@student.edu
S05958,oom4DH6PTPyy,neha.sharma958@student.edu
S05959,AOaJCOBbem2S,sneha.nair959@student.edu
S05960,EFMPFdVNSENG,anjali.reddy960@student.edu
S05961,Ig5W1WNnDIRd,meera.sharma961@student.edu
S05962,tc3R8cBVuuBn,meera.pillai962@student.edu
S05963,vRcJBkjxZUpv,rahul.nair963@student.edu
S05964,0bWqxfGBdIWJ,anand.iyer964@student.edu
S05965,S1vVZnrEt8CF,meera.reddy965@student.edu
S05966,lJ0hrXM60esd,aditya.gupta966@student.edu
S05968,O7bYg3sk9Bw6,aditya.reddy968@student.edu
S05969,MOXPb3svKsE6,anand.gupta969@student.edu
S05970,wky2IYpDzWQS,divya.pillai970@student.edu
S05971,hKEC6MRF5Tt8,anjali.reddy971@student.edu
S05972,RoFGxbIoOJP8,arjun.reddy972@student.edu
S05973,SsLf5LZqXw6r,akhil.das973@student.edu
S05974,2qyBvhajmWKQ,sanjay.iyer974@student.edu
S05975,NyX3hoimVaZd,kavya.menon975@student.edu
S05976,iahDU3vymOyG,pooja.kumar976@student.edu
S05977,qJBSkoKan0B5,neha.das977@student.edu
S05978,VaIiSpwdfXgg,anand.nair978@student.edu
S05979,XWTmXD7C5ylT,sanjay.pillai979@student.edu
S05980,WOVVzt4RmjEK,rohit.nair980@student.edu
S05981,g8hgDKWfPUhX,priya.sharma981@student.edu
S05982,IsZKrG0PLVU3,sreya.das982@student.edu
S05983,IXsLGV7khOm5,aishwarya.reddy983@student.edu
S05984,i23DwdZ8gFGh,anand.pillai984@student.edu
S05985,c2Fw4C3hAbLC,aditya.kumar985@student.edu
S05986,e3ammLEnW0xo,pooja.kumar986@student.edu
S05987,mjtDUOk0cOzw,priya.nair987@student.edu
S05988,l5mC3lZwXlmA,sanjay.das988@student.edu
S05989,fe5B6oauPSSQ,rohit.menon989@student.edu
S05990,FRvKA5B3Aq2V,anjali.reddy990@student.edu
S05991,ouAkA0izjY2F,arjun.menon991@student.edu
S05992,ePRu9cSH3Edr,nikhil.das992@student.edu
S05993,hiza1EwkhNZL,kiran.das993@student.edu
S05994,LrXdqtvlpfH2,priya.patel994@student.edu
S05995,WPVwskg0PzKv,vishnu.reddy995@student.edu
S05996,IgX41xjrxmhd,pooja.sharma996@student.edu
S05997,nwzJRvBnqgUv,sanjay.reddy997@student.edu
S05998,CvHmu68byfrk,aishwarya.iyer998@student.edu
S05999,XL1oTiAMFqtx,kiran.gupta999@student.edu
S06000,mwPmVVoTh4kS,meera.reddy000@student.edu
S06001,wrbRacNg9hBv,akhil.reddy001@student.edu
S06002,NroIpNDaFxTQ,anjali.gupta002@student.edu
S06003,hYNYOW7HB2PA,vishnu.menon003@student.edu
S06006,6Z4iTbEZWT40,nikhil.iyer006@student.edu
S06007,kfYyMkBFCPA5,sreya.patel007@student.edu
S06008,QtpEqg1PDu5e,anand.das008@student.edu
S06009,Bbpg68Xeexfb,nikhil.patel009@student.edu
S06010,YCqEEj5cNvJK,aditya.kumar010@student.edu
S06011,fi54bcaIlTYC,arjun.kumar011@student.edu
S06012,Y3ErUrqAhkca,anjali.pillai012@student.edu
S06013,CNvZtI9YoX6j,pooja.kumar013@student.edu
S06014,8up6105XZKSS,priya.nair014@student.edu
S06015,Df66vx49a4QJ,divya.nair015@student.edu
S06016,F1XNgousGAWe,kiran.nair016@student.edu
S06017,bibZXlrl8SdG,kiran.kumar017@student.edu
S06018,bgv3MddT9uiw,anjali.reddy018@student.edu
S06019,Dj4soQcxBQxL,nikhil.menon019@student.edu
S06020,WUirJdc2OhXf,kiran.sharma020@student.edu
S06021,ZBfYoEbHfu7P,aditya.menon021@student.edu
S06022,roL9Qnqt3lo0,meera.menon022@student.edu
S06023,99CRXooWtaH7,akhil.gupta023@student.edu
S06024,AhXhZ8DEYHjA,anjali.reddy024@student.edu
S06025,CWtcCfdzGr0L,rohit.iyer025@student.edu
S06026,y01kSpSqfwfQ,rohit.menon026@student.edu
S06027,0su6K5atkAWP,kavya.nair027@student.edu
S06028,FDHwcQ0Q0DBb,sneha.nair028@student.edu
S06029,bkZqrxuI6tZr,aditya.sharma029@student.edu
S06030,WbUv4VLJLv6b,anjali.iyer030@student.edu
S06031,iNZx1vCFf03A,divya.pillai031@student.edu
S06032,q7iU0X5PNFn1,meera.sharma032@student.edu
S06033,xE5VX8GuDSDW,kavya.pillai033@student.edu
S06034,QnlOzezPrn7P,aditya.sharma034@student.edu
S06035,unOLurv4gSLc,rahul.gupta035@student.edu
S06036,566y9Lbi0L0h,anand.pillai036@student.edu
S06037,5ZuZl0RDKaiG,neha.iyer037@student.edu
S06038,Wur9qTuliYyU,pooja.das038@student.edu
S06039,EQn6XGW4UhoP,nikhil.das039@student.edu
S06040,26DemCfq02XB,arjun.kumar040@student.edu
S06041,dLXClgFnuJ86,sneha.kumar041@student.edu
S06042,CMNMaeGcMun8,anand.gupta042@student.edu
S06043,cFmkUp8c3Vxm,neha.menon043@student.edu
S06044,zXh3zj1aQjs4,anand.patel044@student.edu
S06045,5MQTRbkks5Pr,nikhil.das045@student.edu
S06046,REDFGaA6Bxbv,rohit.reddy046@student.edu
S06047,apBn4mF61hPI,divya.gupta047@student.edu
S06048,Qa6APJl77016,priya.nair048@student.edu
S06049,ndsqlkI098AX,anjali.das049@student.edu
S06050,yAQLI2NWvS91,anjali.gupta050@student.edu
S06051,4iJoUqdOj6nN,vishnu.pillai051@student.edu
S06052,0c5YdGshzq0t,meera.nair052@student.edu
S06053,reHMfvicPQIt,anjali.patel053@student.edu
S06054,w75RgZouuFYT,kavya.sharma054@student.edu
S06055,W2mnBP2B5yMx,rahul.das055@student.edu
S06056,WS7hy7g1dqL3,anjali.iyer056@student.edu
S06057,fVOMToISNG64,rohit.patel057@student.edu
S06058,m8Ia7o7NKQls,sanjay.patel058@student.edu
S06059,J9aDhzdx833M,rahul.iyer059@student.edu
S06060,QujyjqeQAInO,vishnu.nair060@student.edu
S06061,tkWKJjFNZkMo,anjali.nair061@student.edu
S06062,rkB9W6NEkOEn,vishnu.pillai062@student.edu
S06063,GpqrmMsyUuy6,akhil.patel063@student.edu
S06064,YLoZU2LSw9Ie,priya.nair064@student.edu
S06065,KursNRfzk7qG,nikhil.menon065@student.edu
S06066,WKvVhenRQquP,rohit.pillai066@student.edu
S06067,AIDRqiVok9tV,priya.iyer067@student.edu
S06069,mZCFypMwH5WR,aishwarya.pillai069@student.edu
S06070,hCCRJ4HWwSt7,rohit.iyer070@student.edu
S06071,Ne9PFKH8Nv1W,sreya.iyer071@student.edu
S06072,OYVLiT5gbeMU,meera.reddy072@student.edu
S06073,lC7H9Soccl4v,kavya.kumar073@student.edu
S06074,KuSZuu9q3j1y,anand.patel074@student.edu
S06075,0RSRhti0MzAl,kavya.menon075@student.edu
S06076,7OSY7rZB7hL1,priya.das076@student.edu
S06077,GQ4hfROry8m9,kiran.sharma077@student.edu
S06078,lPZMII6dGTWQ,sanjay.gupta078@student.edu
S06079,7qlzXeFpw3JB,meera.pillai079@student.edu
S06080,ZVoA0jgEp9HK,sneha.menon080@student.edu
S06081,r5nqObRhzGKA,aishwarya.kumar081@student.edu
S06082,DaDEoUSzDPeC,kavya.reddy082@student.edu
S06083,3BK8WbStmYqF,aishwarya.iyer083@student.edu
S06084,us8EjlKoQxC5,neha.gupta084@student.edu
S06085,TSRA4wHG6EKU,sneha.kumar085@student.edu
S06086,kEHBGDJS00Y6,rohit.gupta086@student.edu
S06087,1VxpReXkM5Nh,sreya.menon087@student.edu
S06088,4fCXIsAWI8fW,aishwarya.reddy088@student.edu
S06089,EpbKtMOSozdY,priya.das089@student.edu
S06090,k7g9tdO7s8qE,priya.sharma090@student.edu
S06091,0zS2LjFVYEmL,pooja.iyer091@student.edu
S06092,1ztC1iuFmnmg,sanjay.gupta092@student.edu
S06093,gNDPxiDkljQw,pooja.nair093@student.edu
S06094,eZC78gc7uEr8,aditya.kumar094@student.edu
S06095,QSmqntbV5s0v,pooja.sharma095@student.edu
S06096,YYflVhgf7xId,neha.reddy096@student.edu
S06097,C8EhKhsKtvhs,kavya.gupta097@student.edu
S06098,EJ7l9cxIY6l5,priya.reddy098@student.edu
S06099,0V3EvfCe3Pw7,akhil.das099@student.edu
S06100,YiMerbixI83T,akhil.gupta100@student.edu
S06101,51cjwCdiicur,kiran.das101@student.edu
S06102,JvF0j0orbZ7E,rohit.nair102@student.edu
S06103,6TQ09kNtBrxp,sanjay.reddy103@student.edu
S06104,wKsZek8wsdtT,anand.iyer104@student.edu
S06105,11Y7VxtnpvcO,akhil.kumar105@student.edu
S06106,J5RPS9DklOq2,vishnu.menon106@student.edu
S06107,bWjdX5fsuA6Q,rohit.das107@student.edu
S06108,gRkwSPbretcn,anjali.pillai108@student.edu
S06109,JhCZ3p5Setnf,nikhil.iyer109@student.edu
S09110,X9f8Dww5ojlA,aditya.iyer110@student.edu
S06111,JifA4YHUcU2A,kavya.reddy111@student.edu
S06112,LEmxlnCTo8m4,pooja.pillai112@student.edu
S06114,rFsPxk6t220G,kiran.nair114@student.edu
S06115,u42OzhJtD7MX,anand.gupta115@student.edu
S06116,FSbvR62Zhr2M,pooja.iyer116@student.edu
S06117,Y5NDnyihSusv,priya.das117@student.edu
S06118,jYDpdeK8F9hF,kiran.sharma118@student.edu
S06119,BUpZpn3rNKGu,priya.das119@student.edu
S06120,BSvzkB1wvM56,anjali.menon120@student.edu
S06121,XzntlmJJaXCg,priya.kumar121@student.edu
S06122,lPrDtyLqISMz,aditya.nair122@student.edu
S06123,PzV4dhYaJNmk,neha.patel123@student.edu
S08124,hwyILd3ewJSy,neha.das124@student.edu
S06125,m3GF0xq3R5PC,rahul.sharma125@student.edu
S06126,Mo4xpa7Y3oTc,sanjay.pillai126@student.edu
S06127,a7igvwv5NzyX,vishnu.gupta127@student.edu
S06128,IT1EiQc4QIJW,nikhil.das128@student.edu
S06129,Cf5FRcFFo1R8,sneha.patel129@student.edu
S06130,1HYgYtiKU37r,nikhil.kumar130@student.edu
S06131,Lyt1wpnU4qHe,pooja.kumar131@student.edu
S06132,heJNqUWF9iXs,vishnu.nair132@student.edu
S06133,pu0t0RWId685,arjun.das133@student.edu
S06134,4jgRgZE8x8n0,priya.reddy134@student.edu
S06135,x7aZVykA46YA,aishwarya.nair135@student.edu
S06136,zty54Pl81jwe,rohit.das136@student.edu
S06137,oSs42nJmlOkK,anand.kumar137@student.edu
S06138,Z9jyjjwiOOW1,sreya.reddy138@student.edu
S06139,P5kzWUkC5576,anand.nair139@student.edu
S06140,mlqPJGF1G6hI,vishnu.sharma140@student.edu
S06141,rl4WU2WN0JyE,arjun.kumar141@student.edu
S06142,evj4hjES0O1j,akhil.kumar142@student.edu
S06143,gS7lvxfwW7Bk,vishnu.pillai143@student.edu
S06144,aYFuyRX0im18,sanjay.gupta144@student.edu
S06146,ir96N3tIB4fr,aishwarya.kumar146@student.edu
S06147,FMjbfn2Yw5Xp,nikhil.pillai147@student.edu
S06148,QE6y5TAHsshN,aishwarya.pillai148@student.edu
S06149,QgQs7ja6qLo7,priya.nair149@student.edu
S06150,n9L7XMgKClq1,meera.nair150@student.edu
S06151,IbZmPPqvFF5v,sneha.das151@student.edu
S06152,eKsRYffxYicK,akhil.reddy152@student.edu
S06153,G5g1CQNwohCZ,neha.nair153@student.edu
S06154,i8R49pPSiaqM,aditya.iyer154@student.edu
S06155,2TD1nQkyZiWT,rahul.nair155@student.edu
S06156,sN6QaqM985X8,divya.iyer156@student.edu
S06157,9IX9cEY2e4AJ,rohit.nair157@student.edu
S06158,Kf778GNzZa7X,rohit.patel158@student.edu
S06159,gBBhIwAKktrL,sreya.menon159@student.edu
S06160,y7gRXagJhGgd,neha.pillai160@student.edu
S06161,8yfIr9LngGPt,nikhil.das161@student.edu
S06162,TXvLeSRiIMDj,arjun.gupta162@student.edu
S06163,jwHZB32toLJh,anjali.kumar163@student.edu
S06164,DOKofjvQBiSg,pooja.gupta164@student.edu
S06165,Pb69WlDzOfC2,sreya.patel165@student.edu
S06166,GGhrxtav6fjq,sanjay.iyer166@student.edu
S06167,jbz6ZheKRC9Y,nikhil.reddy167@student.edu
S06168,zcN6CZGkQw0B,pooja.nair168@student.edu
S06169,VciDlTR4UtvE,priya.menon169@student.edu
S06170,5r6LcQcNWD5n,kiran.menon170@student.edu
S06171,WXuLLtr6hiu8,aditya.nair171@student.edu
S06172,Tn8zWh69SFX9,sreya.reddy172@student.edu
S06173,5Kberti6eA6N,kavya.nair173@student.edu
S06174,sLFh3kjREHcE,sreya.sharma174@student.edu
S06175,InKBS23hBLwv,akhil.iyer175@student.edu
S06176,U6iJrtllHyWd,sneha.kumar176@student.edu
S06177,toVjWG6SeocG,meera.iyer177@student.edu
S06178,xcIQXnZH4FZ9,arjun.gupta178@student.edu
S06179,W9jjzM5zFKFS,sneha.pillai179@student.edu
S06180,fQlpLA6zTZUZ,priya.das180@student.edu
S06181,OH27MjoxCRfU,priya.kumar181@student.edu
S06182,q0UlkqSIDc8a,divya.iyer182@student.edu
S06183,RH7mqwvMbtYs,priya.sharma183@student.edu
S06184,MATIGvJlKk8M,sneha.iyer184@student.edu
S06185,nn2hf3KlPeBJ,meera.pillai185@student.edu
S06186,hqHZ0u2GC8me,sneha.patel186@student.edu
S06187,gzphB9BA5hvw,anand.kumar187@student.edu
S06188,QDMmvAfu9nRq,priya.patel188@student.edu
S06189,RaEMBfy8msLJ,akhil.gupta189@student.edu
S06190,97WMnY9mc2PM,pooja.pillai190@student.edu
S06191,HzzAH9fyL8kD,kiran.patel191@student.edu
S06193,ctPvoCbjfWoP,sneha.pillai193@student.edu
S06194,AwQ7z71AIdgR,sanjay.nair194@student.edu
S06195,oYuffUoMukyF,aditya.das195@student.edu
S06196,b80D7qVTXN5W,anjali.sharma196@student.edu
S06197,1xp9faqxWlrD,divya.menon197@student.edu
S06198,wTxwpaGCRU9V,akhil.kumar198@student.edu
S06199,2w3HP4wvg7mr,divya.pillai199@student.edu
S06200,jJMHD04fars5,kavya.patel200@student.edu
S06201,jfeHLSyJ1WWf,pooja.patel201@student.edu
S06202,g92gIrQ6SihJ,nikhil.reddy202@student.edu
S06203,DYtsw23IADFj,kavya.reddy203@student.edu
S06205,4KvHvfF40hbX,sneha.das205@student.edu
S06206,AEv1XWsTyXTj,akhil.sharma206@student.edu
S06207,cmP78ua2Hl0N,arjun.das207@student.edu
S06208,4DkXVanLq2Ur,sanjay.sharma208@student.edu
S06209,TaOitGBPs91V,arjun.sharma209@student.edu
S06210,Ls7gcOHOrcGR,anjali.kumar210@student.edu
S06211,VkIjutHbnD9e,nikhil.reddy211@student.edu
S06212,Cvy3JILu8jtM,divya.nair212@student.edu
S06213,pUb6SibF5UKO,kiran.kumar213@student.edu
S06214,h2wUPAieHg2Q,anand.patel214@student.edu
S06215,YtKjAI5xFKaz,kavya.kumar215@student.edu
S06217,mAnUkiQkuy2J,anjali.gupta217@student.edu
S06218,v4nlLcGEBsvE,akhil.nair218@student.edu
S06219,Q4hPuMd1Vzch,pooja.nair219@student.edu
S06221,4csrZwp2EgdT,rahul.nair221@student.edu
S06222,yoMr5rzFeM9b,anjali.pillai222@student.edu
S06224,9I9QyVIMQx9K,priya.nair224@student.edu
S06225,XdJFnFzilFHi,divya.pillai225@student.edu
S06226,kHU3ZIDIiCVC,aditya.patel226@student.edu
S06227,QEaHmtO4AFpo,rohit.gupta227@student.edu
S06228,wxMEv9KWdzkv,sreya.gupta228@student.edu
S06229,ItxtL32TZVD3,aishwarya.iyer229@student.edu
S06230,IqQZeAHrjKwk,meera.nair230@student.edu
S06231,DwHUCI8aXbwT,rahul.pillai231@student.edu
S06232,WTbdPzUxD1TW,akhil.iyer232@student.edu
S06233,y2VkcbyaXkEd,sanjay.menon233@student.edu
S06234,0F2rvLjLTiJa,sneha.kumar234@student.edu
S06235,xZyBRjfMg05b,vishnu.patel235@student.edu
S06236,NFdTznEWhdXm,pooja.menon236@student.edu
S06237,MSOXMrpI3kbN,neha.iyer237@student.edu
S06238,AMAKHOKGGxJH,sreya.gupta238@student.edu
S06239,QkemOhQV1SB5,nikhil.kumar239@student.edu
S06240,dGWr6bycZO11,sanjay.das240@student.edu
S06241,1GBnTlznodOV,pooja.nair241@student.edu
S06242,4Uv5SF3HJBS1,rohit.sharma242@student.edu
S06244,IlQw64YIM0mK,rohit.iyer244@student.edu
S06245,0WGPakauSe3Q,nikhil.nair245@student.edu
S06246,lQD2iD2EwfbU,arjun.reddy246@student.edu
S06247,q3ZnBwk0Qy8o,kavya.das247@student.edu
S06248,QbLOfKe4EK4l,priya.nair248@student.edu
S06249,WTECOdiDP6Bn,divya.nair249@student.edu
S06250,rtSY2LAM5Cr6,akhil.das250@student.edu
S06251,SvYDGiuwVKQo,arjun.kumar251@student.edu
S06252,6qvVyprqw4XB,nikhil.patel252@student.edu
S06253,oXmLm8EXfqOh,kavya.nair253@student.edu
S06254,0d7hWZRy493E,neha.iyer254@student.edu
S06255,pGmA3mMkyqHm,sreya.iyer255@student.edu
S06256,PcbU1r3yQ21a,aishwarya.pillai256@student.edu
S06257,P11yAQA2u1Kh,pooja.menon257@student.edu
S06258,NWIn89YUeWKh,priya.kumar258@student.edu
S06259,oLoChnuTIYMt,kiran.iyer259@student.edu
S06260,3S2ZFliOLVNL,sreya.patel260@student.edu
S06261,CeFOXSOIwdPO,sreya.reddy261@student.edu
S06262,1x547jfPp3XP,arjun.kumar262@student.edu
S06263,Stdwf1dCFInY,aishwarya.kumar263@student.edu
S06264,8voCcmSt90qc,anand.iyer264@student.edu
S06265,rW6Kl8EMZljv,kiran.gupta265@student.edu
S06266,2QnpDnMr1ryL,sanjay.menon266@student.edu
S06267,GIl7ASZpGUDK,aishwarya.das267@student.edu
S06268,xfJhbyYKs0H8,meera.kumar268@student.edu
S06269,7FtSaWZGd9ak,kavya.reddy269@student.edu
S06270,bDyDO7dqGPqk,priya.das270@student.edu
S06271,YD3dSWcaCmyK,anand.menon271@student.edu
S06272,enSr5iE5IWoH,aditya.reddy272@student.edu
S06273,Lad1sEL09AWV,aditya.reddy273@student.edu
S06274,VAkhQxGGAwxl,arjun.nair274@student.edu
S06275,D3G8KDysFqQ8,sanjay.das275@student.edu
S06276,wU5gU41OVY1z,arjun.menon276@student.edu
S06277,dtOuIC9msdGp,priya.das277@student.edu
S06278,Vzh9lNaLWHia,priya.patel278@student.edu
S06279,MJPFpQludXDw,anand.menon279@student.edu
S06280,sRmKOpFwZMM9,sanjay.kumar280@student.edu
S06282,32Zfghu9MJJ6,pooja.kumar282@student.edu
S06283,ESPNshb7L6q8,rohit.sharma283@student.edu
S06284,vk76HkQdyq2v,anjali.kumar284@student.edu
S06285,tUee7oY9Vdll,sreya.pillai285@student.edu
S06286,VRrk25zBiRVz,pooja.menon286@student.edu
S06287,mtTCTHYgWwZu,sneha.nair287@student.edu
S06288,vhvzXIHtzR9c,sreya.reddy288@student.edu
S06289,FWBPb1PTzpYc,nikhil.menon289@student.edu
S06290,1l1pd7FApv1m,aditya.iyer290@student.edu
S06291,zkcr9jNVynjh,nikhil.reddy291@student.edu
S06292,3ays9iNuq19E,nikhil.pillai292@student.edu
S06293,xzUgjwFDKZX3,anand.menon293@student.edu
S06294,hNVEhcqzGmrs,priya.reddy294@student.edu
S06295,HxvFPU0huhNk,akhil.sharma295@student.edu
S06296,jsWIKG977FlG,divya.pillai296@student.edu
S06297,8OfPxn79FeaW,kiran.das297@student.edu
S06298,wi0RI0u9IEjw,akhil.patel298@student.edu
S06299,51b2GP84tZ6k,divya.reddy299@student.edu
S06300,1cYCNSu9cjKy,rohit.gupta300@student.edu
S06301,PpXfWN1Yj6Gq,vishnu.kumar301@student.edu
S06302,9L5HPZTZQXvK,anand.menon302@student.edu
S06303,hWIq67usY34q,divya.sharma303@student.edu
S06304,ug2QrfNOR3Up,rahul.gupta304@student.edu
S06305,Y4nQv2AmGKXA,kiran.sharma305@student.edu
S06306,3SfpRvIsXsLk,divya.gupta306@student.edu
S06307,Q81xehd8qmy7,sanjay.das307@student.edu
S06308,pfEVnGqLFYuB,arjun.pillai308@student.edu
S06309,aWeqiKFYyLEO,arjun.iyer309@student.edu
S06310,5Z9UafdysNRd,kavya.sharma310@student.edu
S06311,03UGNFxlFzTx,akhil.sharma311@student.edu
S06312,NEQFFNo6D3X2,nikhil.menon312@student.edu
S06313,KcgL7JxkQOkY,rahul.menon313@student.edu
S06314,cfdPM9iKSxMn,aishwarya.das314@student.edu
S06315,MRPFTquIREgF,aishwarya.das315@student.edu
S06316,aS16mLKBMBYD,sanjay.pillai316@student.edu
S06317,sP6Q5NXy6Ywv,neha.das317@student.edu
S06318,qEFXbcPgFOxY,kavya.sharma318@student.edu
S06319,Q8RRkAsWVoYP,sreya.nair319@student.edu
S06320,EJ7EDALz17v1,anjali.kumar320@student.edu
S06321,bQOzKK3oB31a,sreya.patel321@student.edu
S06322,PvMgs21tGmID,kavya.sharma322@student.edu
S06323,o4r7ugAVXNBd,neha.iyer323@student.edu
S06324,DiZuMJcdW0NG,meera.kumar324@student.edu
S06325,VIVVKiuuZJ1d,aditya.das325@student.edu
S06326,tQZpweJ5vSrz,aditya.patel326@student.edu
S06328,ec6xVVt4Muni,aishwarya.kumar328@student.edu
S06329,Zl2MFpZA7MZ4,arjun.nair329@student.edu
S06330,VgAvT1ps3WEV,priya.patel330@student.edu
S06331,tCiCArbr6bg4,aishwarya.menon331@student.edu
S06332,jCnJNLpsnCbJ,meera.nair332@student.edu
S06333,eUqvrbZBNdZB,akhil.sharma333@student.edu
S06334,EWJMyEv3HJlV,divya.patel334@student.edu
S06335,x7W2p7NlHqKA,arjun.kumar335@student.edu
S06336,iGTIn8gNPrJ3,nikhil.menon336@student.edu
S06337,eqdL6Gt5FzDC,anjali.menon337@student.edu
S06338,fHtB5USTiVGP,priya.das338@student.edu
S06339,t5A4MF5pPgbm,arjun.reddy339@student.edu
S06340,ascF0Tq2Z6Nq,arjun.gupta340@student.edu
S06341,ZBmg8ApwnoW9,rahul.kumar341@student.edu
S06342,ANuEnSFkVoDP,nikhil.iyer342@student.edu
S06343,oaKrGs2qIeek,arjun.pillai343@student.edu
S06344,c5tuPlDVUOcS,arjun.kumar344@student.edu
S06345,vk0m5nWr9mtl,neha.reddy345@student.edu
S06346,H3dtqYT5bl32,divya.das346@student.edu
S06347,QvwVEsDZOwvS,divya.kumar347@student.edu
S06348,plHSz0ucbaqd,akhil.nair348@student.edu
S06349,6jD8DQ0ki0uu,neha.sharma349@student.edu
S06350,sbsABeSqxa2g,neha.reddy350@student.edu
S06351,UZh3sSa0YiKo,rahul.sharma351@student.edu
S06352,Rh5er6ZL10wn,kiran.sharma352@student.edu
S06353,DO4CX6Qp8NTu,rohit.reddy353@student.edu
S06354,ppiq6F5FNZxo,kavya.kumar354@student.edu
S06355,PJWeTsF19J9I,anjali.patel355@student.edu
S06356,G1TMhgdftpvS,aditya.nair356@student.edu
S06357,k6i5Cc0pJJzW,rahul.sharma357@student.edu
S07358,hCY2cQM3N40T,arjun.sharma358@student.edu
S06359,KqtTaD9wBOeC,sreya.sharma359@student.edu
S06360,8MzCP3Zk9bSF,arjun.kumar360@student.edu
S06361,ATyfxhHvfNjr,neha.menon361@student.edu
S06362,YcRO5jRYFd0F,akhil.menon362@student.edu
S06363,qCGe7bOaMNEj,aishwarya.menon363@student.edu
S06364,vXQVbmDsCtJT,nikhil.gupta364@student.edu
S06365,JFHdvNDYOFc6,sreya.menon365@student.edu
S06366,NLvmAUOGnH4x,neha.reddy366@student.edu
S06367,DjcxrzDFilmo,rohit.gupta367@student.edu
S06368,pMB7YoJsCZvI,sneha.patel368@student.edu
S06369,eJdTSwDClMcb,rohit.kumar369@student.edu
S06370,Jk8jxcX3nWjR,kiran.reddy370@student.edu
S06371,TEnvovzvm6hO,neha.patel371@student.edu
S06372,qgz1mNP3c2lT,divya.patel372@student.edu
S06373,6PrCWEiEXkz2,rohit.gupta373@student.edu
S06374,PTAZ4LAzO0Ve,nikhil.kumar374@student.edu
S06375,ofyxvjAJIC1G,nikhil.menon375@student.edu
S06376,VlyHQHFtFdXI,anjali.reddy376@student.edu
S06377,NKtI6MWIOU3l,priya.pillai377@student.edu
S06378,4itFPDDm1R7H,akhil.reddy378@student.edu
S09379,sdmDoO2c2Qcq,anand.iyer379@student.edu
S06380,6yPqGv1HmKnU,rahul.sharma380@student.edu
S06381,5AQtVvSdKvlV,aditya.das381@student.edu
S06382,xdjqQ2eEJhgb,kiran.sharma382@student.edu
S06383,0yyt0foKxRIM,pooja.menon383@student.edu
S06384,5HuaG5H3p9pg,divya.sharma384@student.edu
S06385,Ch4Hl6YnlBhK,sreya.das385@student.edu
S06386,1mTO2OeyS5pI,aishwarya.pillai386@student.edu
S06387,Ow2QxRsfKZ2J,sreya.menon387@student.edu
S06388,HjIre3OuaR9t,akhil.sharma388@student.edu
S06389,oxbvxMnX86Sa,anjali.patel389@student.edu
S06390,1oqYcu9Q6ETA,sreya.kumar390@student.edu
S06391,RN8PGQOPS25n,sanjay.das391@student.edu
S06392,vzj11MgiHYCP,sanjay.pillai392@student.edu
S06393,wPogxvwQxd8a,kiran.reddy393@student.edu
S06394,U7uDLXa9IOOE,rahul.sharma394@student.edu
S06395,NlQIibVVTUFC,kiran.reddy395@student.edu
S06396,pruXgdgXy2gB,divya.sharma396@student.edu
S06397,BXT2BDl9DSji,vishnu.sharma397@student.edu
S06398,ImHLQhkc07RG,kavya.das398@student.edu
S06399,4RbKRuR4UyBp,nikhil.iyer399@student.edu
S06401,6z3q9aAqY30S,meera.reddy401@student.edu
S06402,alYM2GH0lvj7,anjali.iyer402@student.edu
S06403,WZGT99LEPoVU,arjun.nair403@student.edu
S06404,Umx84VWTP0F2,vishnu.kumar404@student.edu
S06405,sUnWfgSZKXsw,arjun.patel405@student.edu
S06406,4hwv0BrTCEut,aditya.sharma406@student.edu
S06407,JSOjoVxnntL7,pooja.kumar407@student.edu
S06408,Uonb2dqoepDr,kavya.kumar408@student.edu
S06409,IF9a58htzPtN,sreya.reddy409@student.edu
S06410,YzvqbXJjmFII,kiran.das410@student.edu
S06411,dj1vjcbhcfje,akhil.reddy411@student.edu
S06412,6jkrCPXBJ7qV,arjun.das412@student.edu
S06413,8vryUF8J2Jxn,aditya.pillai413@student.edu
S06414,60eweA57LsNz,akhil.menon414@student.edu
S06415,joHhXTgP6vIs,vishnu.reddy415@student.edu
S06416,DrSctqGeP20L,kavya.menon416@student.edu
S06417,p4NOb9aOel3f,akhil.iyer417@student.edu
S06418,nrDy5LFY6yYK,aishwarya.nair418@student.edu
S06419,VMbHpQvSADbb,neha.gupta419@student.edu
S06420,GUlgKgf8os5q,neha.patel420@student.edu
S06421,BkvHdTfhvF7Z,neha.sharma421@student.edu
S06422,vY7b9Tfl7bp3,aishwarya.nair422@student.edu
S06423,bo8nForeelbP,priya.kumar423@student.edu
S06424,2IS7m3hqT4jh,sneha.sharma424@student.edu
S06425,BtzLKlspm8LV,sanjay.nair425@student.edu
S06426,rLtZbnc0d2fU,priya.das426@student.edu
S06427,XbsUs2wbK1Pj,meera.gupta427@student.edu
S06428,QGQ7ijapilGR,akhil.gupta428@student.edu
S06429,friHm9yV5bVN,rohit.kumar429@student.edu
S06430,fw7TIl58gERP,nikhil.menon430@student.edu
S06431,8FgzpTGIvECp,anjali.das431@student.edu
S06432,Btuz1HPwSUFl,rahul.kumar432@student.edu
S06433,pw7TyxLIAb3Z,akhil.kumar433@student.edu
S06434,PQL0nYyNlylZ,sreya.reddy434@student.edu
S06436,lkhCavzdI0bb,akhil.reddy436@student.edu
S06437,9EyaawSMdcyz,anand.patel437@student.edu
S06438,NxpfySltGFTP,priya.pillai438@student.edu
S06439,x8JHtVFU0ljo,sneha.iyer439@student.edu
S06440,CtWfZgAz2sST,sreya.iyer440@student.edu
S06441,kzglmLJJKubO,kavya.iyer441@student.edu
S06442,PrbtHlIJDnlf,sanjay.reddy442@student.edu
S06443,Z8ODxOXKkpiB,divya.menon443@student.edu
S06444,ZD0QxRz2PbRa,sreya.patel444@student.edu
S06445,3NmwZpp08vcc,pooja.iyer445@student.edu
S06446,ZaP5Rynu16yf,arjun.sharma446@student.edu
S06447,oP02C2OqrYBP,sreya.kumar447@student.edu
S09448,nK49derrmyoR,meera.patel448@student.edu
S06449,YlA3vjS9omNt,meera.nair449@student.edu
S06450,gSIRayTVZeWp,nikhil.iyer450@student.edu
S06451,OH8XNxiH6FFn,neha.gupta451@student.edu
S06452,7LEqhSqa4Nyx,aishwarya.pillai452@student.edu
S06453,JEONbFaR6nef,priya.iyer453@student.edu
S06454,EQxsBg0QpgVb,sreya.pillai454@student.edu
S06455,prl7y0wWNwlk,sreya.nair455@student.edu
S06456,J0UcDpqDITeP,sreya.menon456@student.edu
S06457,zoLqt3Zsr6je,akhil.gupta457@student.edu
S06458,vmsAeRIUheu9,pooja.menon458@student.edu
S06459,N5V1kAX21eik,pooja.kumar459@student.edu
S06461,j3PySsT7VyYl,kiran.das461@student.edu
S06462,bzWNnyWse5yL,neha.patel462@student.edu
S06463,aFw5LlJOZTl3,akhil.sharma463@student.edu
S06464,EboqmKu2PPPy,kiran.pillai464@student.edu
S06465,CAG40ZWHR6tJ,rohit.patel465@student.edu
S06466,mjjPp9qMgoFI,akhil.menon466@student.edu
S06467,hkjPT9v2aClX,anjali.reddy467@student.edu
S06468,BK7loUluHwfF,sanjay.reddy468@student.edu
S06469,p4WqSeJnqtEO,sreya.iyer469@student.edu
S06470,pqChX7gUzRCn,sanjay.reddy470@student.edu
S06471,CgbItw3neecO,priya.iyer471@student.edu
S06472,MSRjnZaKzchi,pooja.nair472@student.edu
S06473,ggXLh34EpDOw,aishwarya.kumar473@student.edu
S06474,ucrFeE9o3Tw3,vishnu.gupta474@student.edu
S06475,NV9CGoZLRTkY,rahul.menon475@student.edu
S06476,dZlUsvdxulzW,nikhil.patel476@student.edu
S06477,4DRpjS4OGIqA,priya.patel477@student.edu
S06478,HJY4rzoHoRTJ,kiran.kumar478@student.edu
S06479,OMNP6OaUXllX,rohit.pillai479@student.edu
S06480,u57XdXtLxS58,sreya.pillai480@student.edu
S06481,YQfXlnqxBaKJ,divya.nair481@student.edu
S06482,LfTWWRLv5qdF,sanjay.nair482@student.edu
S06483,QUeMzRZCRhBs,kiran.menon483@student.edu
S06484,zSWRkVYi8IU0,arjun.iyer484@student.edu
S06485,zUFuA9MBpfsA,divya.pillai485@student.edu
S06487,q0QY474k0KYv,aishwarya.das487@student.edu
S06488,pzYU5rnZr7fC,arjun.menon488@student.edu
S06490,84Ycs61OJ6Vm,rahul.nair490@student.edu
S06491,gr5Z6kGHdzsy,priya.gupta491@student.edu
S06492,V4Ml6p6EtBOf,anand.gupta492@student.edu
S06493,njAbauhwBipP,kavya.pillai493@student.edu
S06494,AT6ajUelG74E,anand.das494@student.edu
S06495,HsI1mNljbRV8,priya.pillai495@student.edu
S06496,FSBkdclFEnpC,anjali.patel496@student.edu
S06497,yXjXEdfIVnsv,vishnu.pillai497@student.edu
S06498,ITuDCNq2yIF4,sreya.gupta498@student.edu
S06499,SzGJohibgkuU,pooja.pillai499@student.edu
S06500,K7PSwOaTXgS3,priya.pillai500@student.edu
S06501,VuspeteCGy94,arjun.kumar501@student.edu
S06502,8N2ohr7DxaiE,divya.patel502@student.edu
S06503,ZdCt8sffqUzT,rahul.menon503@student.edu
S06504,7peZxucmBEVp,anand.sharma504@student.edu
S06505,UOwWf8VDLRCL,arjun.das505@student.edu
S06506,oXNc3YjVkOqq,sreya.menon506@student.edu
S06507,9pwf31tWK9Yj,sanjay.gupta507@student.edu
S06508,DROqfyS12dbS,sreya.iyer508@student.edu
S06509,WcaJo8xjaqtU,anjali.menon509@student.edu
S06511,X8EsfLveMR38,anand.das511@student.edu
S06512,XTcDJoqUaoW0,akhil.kumar512@student.edu
S06513,WBIjX1POppLH,divya.patel513@student.edu
S06514,2rXvqGdu4RR7,aditya.menon514@student.edu
S06516,skElJ2I2qZCE,arjun.das516@student.edu
S06517,WdV8vtM9sboV,kavya.pillai517@student.edu
S06518,b6xv7LrwWITI,aditya.das518@student.edu
S06519,RcPOj3DNKC0K,sneha.menon519@student.edu
S06520,dVhbbQdU4OoD,meera.kumar520@student.edu
S06521,MVnAY887IZOK,rahul.gupta521@student.edu
S06522,UYdSdxR7v1ER,meera.patel522@student.edu
S06523,8zpIXql2UelI,priya.menon523@student.edu
S06524,ILmbvRS1l0kU,pooja.sharma524@student.edu
S06525,Mw5mdR4cvgaK,arjun.patel525@student.edu
S06526,9kxfBJ3QsdKk,anand.menon526@student.edu
S06527,1yQthTpfSmdS,kiran.gupta527@student.edu
S06528,sNHvzNo80Pfy,kavya.pillai528@student.edu
S07529,TmsXeLeFrT8Y,kavya.menon529@student.edu
S06530,yzi0Eo6yBQB7,rohit.reddy530@student.edu
S06532,tkAmcA6VZq6s,anand.das532@student.edu
S06533,N8NDQJXu5uwc,anand.das533@student.edu
S06534,KCCGyFT0OvT8,nikhil.nair534@student.edu
S06535,caiDjQPhlwDG,sneha.patel535@student.edu
S06536,dXlFzDEcSfVw,rohit.patel536@student.edu
S06537,yQIAe8vBaa8u,rahul.pillai537@student.edu
S06538,XVpix297bmri,divya.nair538@student.edu
S06539,0lzfh3LTROMt,sneha.iyer539@student.edu
S06540,5NNyaCoe94bG,aishwarya.das540@student.edu
S06541,zNCKs0POndk7,aishwarya.gupta541@student.edu
S06542,VkQv6K3wkGPZ,sreya.reddy542@student.edu
S06543,emaCgxrUqyZa,anjali.pillai543@student.edu
S06544,jqxzQtWa5KHb,rahul.nair544@student.edu
S06545,FJujQm1uI2bF,nikhil.patel545@student.edu
S06546,aukWei4IBmdO,aishwarya.menon546@student.edu
S06547,KZGjLERPYPLu,arjun.pillai547@student.edu
S06548,tyPdXAl2SspY,sneha.patel548@student.edu
S06549,xKGuMDREQqE8,meera.reddy549@student.edu
S06550,n6I0JFow1FWy,meera.das550@student.edu
S06551,pnnGQ4uJW9FX,pooja.gupta551@student.edu
S06552,d9BRjGGKTFMb,sanjay.nair552@student.edu
S06553,4cR2QoWYMLrf,aditya.nair553@student.edu
S06554,b9tJOVggx6Os,rahul.menon554@student.edu
S06555,nzFZXV8mlWUx,meera.sharma555@student.edu
S06556,HD1uMdMB0ZCH,meera.reddy556@student.edu
S06557,WORM5Rug68zk,sreya.iyer557@student.edu
S06558,UwncJbtHkWYW,kavya.gupta558@student.edu
S06559,zBk4mT3omQkA,vishnu.nair559@student.edu
S06560,x5l4bluX308g,nikhil.nair560@student.edu
S06561,LNDO6ePjSEAk,akhil.das561@student.edu
S06562,HlhdUUQf1BrS,priya.iyer562@student.edu
S06563,QJDaCKNY8EVj,rahul.iyer563@student.edu
S06564,m9QDkDe9BJIz,kiran.gupta564@student.edu
S06565,f2ObXpSORyx4,kavya.patel565@student.edu
S06566,kUmVGKCpAbdu,kiran.kumar566@student.edu
S06567,4yHwsrN3F3Lh,neha.reddy567@student.edu
S06568,kbYIHC1ppQge,aditya.reddy568@student.edu
S06569,enUX5FbRkWfo,rahul.nair569@student.edu
S06571,idLSPMrpFBG3,anjali.reddy571@student.edu
S06573,rcCdxd5zoM6t,akhil.reddy573@student.edu
S06574,7n0WgYBDYwQP,neha.reddy574@student.edu
S06575,d8pBG6M7SR0V,meera.sharma575@student.edu
S06576,UVlgi76Xbcs3,neha.gupta576@student.edu
S06577,0wX5E3TlUiLn,sreya.sharma577@student.edu
S06578,yN5Fju29LCQM,aishwarya.iyer578@student.edu
S06579,dS1UsF0sIHJQ,anjali.menon579@student.edu
S06580,6pwlZ8naI0Yl,anand.das580@student.edu
S06581,EEuuqCDdG3C8,anand.menon581@student.edu
S06582,1CXcLVnWO0xo,aishwarya.menon582@student.edu
S06583,Dt2xotJGn3Uo,kiran.patel583@student.edu
S06584,MmU6HspTqZ2b,akhil.iyer584@student.edu
S06585,EDnq3Dd8eHmj,rahul.kumar585@student.edu
S06586,RBe6ueAMTISB,rahul.patel586@student.edu
S06587,2eEBZ0NZdTc8,arjun.das587@student.edu
S06588,OH0z9NVuWu0u,nikhil.sharma588@student.edu
S06589,Zh3SgsjZ3aSM,anjali.sharma589@student.edu
S06590,fDjxm579G465,arjun.das590@student.edu
S06591,nE2yGjgQ2yx2,rohit.kumar591@student.edu
S06592,sC61YAF7vSdg,arjun.sharma592@student.edu
S06593,HEdw1V9I3O02,pooja.pillai593@student.edu
S06594,IGlbsEE3kLgG,divya.sharma594@student.edu
S06595,PiafH26bGGHC,neha.pillai595@student.edu
S06596,XUjDHGvYBrwQ,nikhil.pillai596@student.edu
S07597,GLQdquW7Cnpo,kiran.nair597@student.edu
S06598,xVQ6vdFNgw4F,sreya.sharma598@student.edu
S06599,Yb7SuDlIAN6R,arjun.menon599@student.edu
S06600,AZChHH4BtQ3a,akhil.gupta600@student.edu
S06601,Sk8sY06MHA7y,sanjay.sharma601@student.edu
S06602,eLw3brGquLZo,meera.gupta602@student.edu
S06603,SevIiR7xksdy,priya.pillai603@student.edu
S06604,qkS567GIvKvU,aditya.sharma604@student.edu
S06605,4RNAORSURhQw,akhil.reddy605@student.edu
S06606,UJLRo1WwCy9V,pooja.pillai606@student.edu
S06607,twvv7HTMkNqB,meera.reddy607@student.edu
S06608,Vc84yzUzvszt,nikhil.sharma608@student.edu
S06609,qcb3KalHqsIa,kavya.kumar609@student.edu
S06610,RI05c0Tc94JB,arjun.sharma610@student.edu
S06611,aD3zoIDLBC4N,kavya.gupta611@student.edu
S06612,xRMCMEb61L13,sanjay.reddy612@student.edu
S06613,k9KpVSkSNwEX,aditya.gupta613@student.edu
S06614,w2IHGoRhSRIH,vishnu.pillai614@student.edu
S06615,mwE3MIqeBzRP,kiran.sharma615@student.edu
S06616,AbjFOKOJ43fe,anjali.pillai616@student.edu
S06617,JSTM4c0Ly9z0,sreya.iyer617@student.edu
S06618,cscoofQU8gyi,anjali.nair618@student.edu
S06619,ZI1DOS2MRnrx,rohit.gupta619@student.edu
S06620,f0rf0dMq5OHQ,aditya.menon620@student.edu
S06621,iImCqfjXRzdx,akhil.sharma621@student.edu
S06622,GNU3uw6QDxce,neha.pillai622@student.edu
S06623,9NRYN60T4Asi,pooja.gupta623@student.edu
S06624,xWeI9Y8hMruR,priya.menon624@student.edu
S06625,4iZ87OnJy8iW,aditya.patel625@student.edu
S06626,iLMr2FtQxnc6,nikhil.reddy626@student.edu
S06627,VPevA9l5vZDa,neha.kumar627@student.edu
S06628,rqzvHtVxtu7p,anjali.patel628@student.edu
S06629,cdGIv2Ndx7Cu,kavya.reddy629@student.edu
S06630,2waLWwXtRY3O,nikhil.reddy630@student.edu
S06631,p0Fo4zIRsRw6,neha.das631@student.edu
S06632,0lbihBFrPUN9,akhil.menon632@student.edu
S06633,F2bWqjZYLY7W,neha.nair633@student.edu
S06634,NcD7tjqB9t80,meera.menon634@student.edu
S06635,pknN1Ef4Hkrs,sreya.gupta635@student.edu
S06636,NIkYRfZE2Yb5,aishwarya.nair636@student.edu
S06637,D5K3S0RKEa5O,sreya.menon637@student.edu
S06638,Ksv8CpXuZ8xu,aishwarya.menon638@student.edu
S06639,TZH6rA2BA0tZ,akhil.patel639@student.edu
S06640,j1210Ik2AI3t,anand.gupta640@student.edu
S06641,fCNRHhtpNzj6,neha.gupta641@student.edu
S06642,nr3u3yY4WWhh,sreya.das642@student.edu
S06643,AIggWoCO9M0i,sneha.kumar643@student.edu
S06645,J2YP0Jc5JSN0,sanjay.reddy645@student.edu
S06646,c3rOUe7EIdV8,sreya.menon646@student.edu
S06647,lOay4SJBTcTC,anand.das647@student.edu
S06648,2ze8E5YAVnQz,aishwarya.kumar648@student.edu
S06649,WFPlDHk18mdF,pooja.menon649@student.edu
S06650,ugeavYrwIW2C,rohit.pillai650@student.edu
S06651,TS9Tyj7Pz7ya,aditya.nair651@student.edu
S06652,68H2LgyrmoYZ,akhil.nair652@student.edu
S06653,y8NLMthGjXRu,kavya.nair653@student.edu
S06654,rgVKCZcqLF3o,kiran.sharma654@student.edu
S06655,i6WzayOQ5Z4s,anand.reddy655@student.edu
S06656,BIcSToovgMyE,anand.menon656@student.edu
S06657,YFnL2gcS4Eb0,pooja.reddy657@student.edu
S06658,csVaC7cCcd6U,aditya.kumar658@student.edu
S06659,YUKEYn6yp55Z,meera.patel659@student.edu
S06660,iKeTiQj1cCF4,priya.pillai660@student.edu
S06662,hLwsWfDZPjbf,anjali.kumar662@student.edu
S06663,RQO3z0TRABdK,pooja.pillai663@student.edu
S06664,7h2IwmjD9FIz,aditya.reddy664@student.edu
S06665,6kBu61jEvRYP,akhil.pillai665@student.edu
S06666,J0RPyQYnVZBY,rohit.sharma666@student.edu
S06667,gXZxksyiuUeu,aditya.iyer667@student.edu
S06668,rcrrMOq1Az96,kavya.sharma668@student.edu
S06669,546Kt7cbjDMK,akhil.pillai669@student.edu
S06670,wxp4c0bPxX85,meera.gupta670@student.edu
S06671,KeQejvwuoAMl,sneha.das671@student.edu
S06672,1tNN9GAKQmYz,rahul.nair672@student.edu
S06673,dxMzeshYigIN,sreya.gupta673@student.edu
S06674,uUJvtyuRVDYm,pooja.kumar674@student.edu
S06675,w6n4k3ta535p,aishwarya.nair675@student.edu
S06676,ya5xgCRKiJrX,neha.nair676@student.edu
S06677,wRnHTU5AG4Xo,kavya.reddy677@student.edu
S06678,SU1NGid2GuEl,rahul.nair678@student.edu
S06679,PcHbdy2vGgsT,anand.nair679@student.edu
S06680,jiLVj5qz25e8,arjun.gupta680@student.edu
S06681,bxoIBrZ12JHQ,anjali.iyer681@student.edu
S06682,u6ZpbgalRTwA,priya.gupta682@student.edu
S06683,5eD24NBWaLV7,sreya.sharma683@student.edu
S06684,iRct1ijmPZ98,divya.reddy684@student.edu
S06685,qcCUEZN9oCkq,divya.reddy685@student.edu
S06686,D3pbpXDh3yqL,akhil.menon686@student.edu
S06687,gSOstAwr4B8l,sneha.sharma687@student.edu
S06688,apM2O2lwh9Vw,neha.kumar688@student.edu
S06689,59hjlewtI1a2,kavya.pillai689@student.edu
S06690,dU6WbBQIS41L,kiran.menon690@student.edu
S06691,QrMwcsAd3haS,akhil.pillai691@student.edu
S06692,otgLnVh2mZbk,rohit.gupta692@student.edu
S06693,TmlHRLfRCP5k,pooja.das693@student.edu
S06695,zEp4RWb2BoYy,kavya.kumar695@student.edu
S06696,pp1vTz7oEYEZ,anand.sharma696@student.edu
S06698,fscPXLmNtle7,kavya.gupta698@student.edu
S06699,MFZgd4gbVcQx,arjun.menon699@student.edu
S06700,t8nhdbhwYgFj,rahul.iyer700@student.edu
S06701,3JoTssTp3AuL,nikhil.iyer701@student.edu
S06702,u4VxpAWEtK4E,sanjay.sharma702@student.edu
S06703,pxnLNU2E6FSU,meera.patel703@student.edu
S06704,0dRSSfNlS7kG,anand.menon704@student.edu
S06705,VqcXWuy1SpYY,meera.menon705@student.edu
S06706,v20HKnqRou1R,divya.das706@student.edu
S06707,KQvRwIeBgPPs,kavya.nair707@student.edu
S06708,RlWkAQSHVzou,vishnu.iyer708@student.edu
S06709,1vyvd36NB1Ni,aishwarya.patel709@student.edu
S06710,weTFkW2ZyIpO,neha.gupta710@student.edu
S06711,GyblH02N21dH,sreya.gupta711@student.edu
S06712,tcrNCTkBC9jG,rahul.reddy712@student.edu
S06713,ZigRuDcB1WGF,rohit.patel713@student.edu
S06714,meX5S94EJHx3,aditya.sharma714@student.edu
S06715,15qPHJEJRcx9,sreya.pillai715@student.edu
S06716,Zwp1ISmSkxSA,kiran.gupta716@student.edu
S06717,BTCGs8vaNONz,sreya.nair717@student.edu
S06718,L9sB3WUfduM6,anand.patel718@student.edu
S06719,HQpPlCzar57G,meera.kumar719@student.edu
S06720,3OyCGBsSwDSW,divya.kumar720@student.edu
S06721,TRBWSHIdI1E8,arjun.pillai721@student.edu
S06722,8FHlSmC862kP,sanjay.reddy722@student.edu
S06723,dFnDsPxjy4ch,kavya.das723@student.edu
S06724,YiTIQNyp4jQq,kiran.das724@student.edu
S06725,EfW4VDTNBDL2,divya.menon725@student.edu
S06727,9KeMivNfbt7I,nikhil.patel727@student.edu
S06728,FmKCsg0u446i,arjun.das728@student.edu
S06729,dAgNbtnarYoP,akhil.pillai729@student.edu
S06730,supqnsiOxRuJ,anjali.menon730@student.edu
S06731,aakOfIzpqJf9,priya.gupta731@student.edu
S06732,zkDmgQGgQGvT,sreya.patel732@student.edu
S06733,PUFBmWcMKdpA,sanjay.iyer733@student.edu
S06734,ZST6rglWi7Ku,kiran.das734@student.edu
S06735,Lo844gIupCdl,vishnu.reddy735@student.edu
S06736,sEX3g74J1gJ4,rohit.reddy736@student.edu
S06737,azSXbcmEAXRm,rohit.kumar737@student.edu
S06738,yCnYXsHmK6kP,sneha.reddy738@student.edu
S06739,UCkJDp2tjR6J,meera.gupta739@student.edu
S06740,UlJqDKENHk07,rahul.reddy740@student.edu
S06741,VKOcNVOAXebo,rohit.iyer741@student.edu
S06742,k1Cqg9IETmEg,sanjay.menon742@student.edu
S06743,YpOA1oeCyO3E,aishwarya.kumar743@student.edu
S06744,TwcKJBYFxc7f,akhil.nair744@student.edu
S06745,DInBUblGgI0F,arjun.gupta745@student.edu
S06746,oSFkYTRzrwUF,anjali.sharma746@student.edu
S06747,2DfW3mASCcPh,nikhil.gupta747@student.edu
S06748,FEIehZXwZCk7,anjali.pillai748@student.edu
S06749,XTZfhd6zjkQC,meera.patel749@student.edu
S06750,pZUvFol65zST,meera.nair750@student.edu
S06751,CfYQzp03gBhr,anjali.das751@student.edu
S06752,aNEmfYBXaCAR,anjali.sharma752@student.edu
S06753,DIgwQiAvW9Qr,vishnu.sharma753@student.edu
S06754,kw6IJplxo7wI,vishnu.iyer754@student.edu
S06755,aAHCgzwuO6Su,anand.pillai755@student.edu
S06756,YkndRlS7Tb5j,meera.sharma756@student.edu
S06757,jVQlrvKW89Vv,kavya.gupta757@student.edu
S06758,HWurCCifHByN,aditya.pillai758@student.edu
S06759,ykptaFPGMja5,sneha.iyer759@student.edu
S06760,lRhvJOBe53c6,kiran.das760@student.edu
S06761,tjz1Jpceg1iz,anjali.menon761@student.edu
S06762,aOzSI4D1dpxV,sanjay.pillai762@student.edu
S06763,OXqBuYSYMkxt,nikhil.pillai763@student.edu
S06764,eNo9vMMiiUmD,kavya.gupta764@student.edu
S06765,bMYRw40Xni1T,sreya.gupta765@student.edu
S06766,50yUAsOUJIyN,arjun.pillai766@student.edu
S06767,dPY3RyZyZ89k,rahul.menon767@student.edu
S06768,YaDu9mFd6WyH,sneha.kumar768@student.edu
S06769,02OHUNwysP22,nikhil.sharma769@student.edu
S06770,TtJUmkz6jDrh,sanjay.nair770@student.edu
S06771,ezpPTgPNaEbN,kiran.sharma771@student.edu
S06772,CaCs1ItnA2Wc,priya.patel772@student.edu
S06773,PjiiYcF2y8nP,kavya.sharma773@student.edu
S06774,czbW124LLZE6,aditya.menon774@student.edu
S06775,nD3tohxSk2hj,neha.patel775@student.edu
S06776,OedT8EMeA6cA,vishnu.patel776@student.edu
S06777,HSWb2Cwrqmem,kavya.reddy777@student.edu
S06778,hW6ZlKQYBLUB,sanjay.das778@student.edu
S06779,RDYa4I9KyEe1,aishwarya.patel779@student.edu
S06780,NAZjLiYQdY1D,vishnu.reddy780@student.edu
S06781,CisIruLLAk2I,anand.pillai781@student.edu
S06782,Z1SBQ5IH9Z9N,anand.sharma782@student.edu
S06783,WIMSGPXtM1bj,akhil.das783@student.edu
S06784,11MfNwJcuumT,akhil.gupta784@student.edu
S06785,3fNs8CO3jTjx,sreya.das785@student.edu
S06786,ILnRlnVUeyWz,sneha.patel786@student.edu
S06787,2emUWMQ19Hhn,divya.iyer787@student.edu
S06788,mXbIFKdySugG,vishnu.das788@student.edu
S06789,IUUFetV5v5EM,sreya.gupta789@student.edu
S06790,KGeCYHrEjtpA,meera.das790@student.edu
S06791,HybDOnAC0q6i,aditya.patel791@student.edu
S06792,DhlfgEgMSw3G,anjali.sharma792@student.edu
S06793,CHM4xv8h8rZx,anand.reddy793@student.edu
S06794,Wr3bLU58w2wM,sneha.gupta794@student.edu
S06795,BuCYT5OL6C4K,aishwarya.kumar795@student.edu
S06796,vuhtzYiNf0mw,neha.sharma796@student.edu
S06797,oKNkkfYQuig4,anjali.das797@student.edu
S06798,B1kepvYUiR0s,neha.reddy798@student.edu
S06799,AGrf9wrEJsDd,neha.kumar799@student.edu
S06800,dtiqZGLriiHt,pooja.reddy800@student.edu
S06801,1jqFmkhaPALZ,kiran.sharma801@student.edu
S06802,23ruofxXwrgM,kavya.iyer802@student.edu
S06803,Oi1PhXFICL9c,priya.menon803@student.edu
S06804,HLu4JgdiV6xD,neha.iyer804@student.edu
S06805,MESmFmeRz1G9,priya.pillai805@student.edu
S06807,ImyRnUnzd3vX,akhil.pillai807@student.edu
S06808,nB6ph18JwY4E,nikhil.das808@student.edu
S06809,uJtxmUWU9j6S,arjun.patel809@student.edu
S06810,CC9qOeJVQK4y,kavya.pillai810@student.edu
S06811,PyPSVr3DtiE0,kavya.das811@student.edu
S06812,UUzctkEaaApg,divya.pillai812@student.edu
S06813,kNcQBDgNJMhB,nikhil.iyer813@student.edu
S06814,P4vIZgIM4rX8,kiran.menon814@student.edu
S06816,Q8SHgorRCG7X,vishnu.sharma816@student.edu
S06817,KvEAnG1RGPeW,vishnu.patel817@student.edu
S06818,tCv6uY9SvdQ3,vishnu.nair818@student.edu
S06819,1Ez5Jl7WhH9N,kiran.menon819@student.edu
S06820,YWvcD8RV9dEN,nikhil.nair820@student.edu
S06821,T5aVFTLcE2ju,rahul.gupta821@student.edu
S06822,85FKO4E3DQPl,divya.gupta822@student.edu
S06823,gclnnIMQsTLT,aditya.das823@student.edu
S06825,XrStpzTmfvxt,sanjay.iyer825@student.edu
S06826,O4UK95mvvkAX,neha.das826@student.edu
S06827,7ECmPLCJcnkx,pooja.kumar827@student.edu
S06828,QACcTt5B8GeP,meera.pillai828@student.edu
S06829,dppJ51GUPWbc,rahul.patel829@student.edu
S06830,y6NjYxPC1NdY,anand.gupta830@student.edu
S06831,9lcm71OuyDWT,aditya.kumar831@student.edu
S06832,Jv0hvZCEW1TS,kavya.gupta832@student.edu
S06833,hYDpf91q9LrD,nikhil.sharma833@student.edu
S06834,WtvSKHDQ6Bf3,sneha.kumar834@student.edu
S06835,vVRu7a5ibJEv,kiran.das835@student.edu
S06836,z5fJfcohGZgq,sanjay.gupta836@student.edu
S06837,I8PJKBdTa6IM,aishwarya.reddy837@student.edu
S06838,XN4jb7oF9XaF,priya.pillai838@student.edu
S06839,C2UwADgxLO4p,rohit.das839@student.edu
S06840,RdcUMgrVqfBG,divya.patel840@student.edu
S06841,CtbsyP6ce0kn,akhil.das841@student.edu
S06842,3G0JgIz9Z2Ss,meera.sharma842@student.edu
S06843,k5ekWTSzkedD,sneha.nair843@student.edu
S06844,e5CzPH2vRqnT,kiran.patel844@student.edu
S06845,KMYO7nvHwCjD,kiran.kumar845@student.edu
S06846,7BP77nvuxQyq,arjun.gupta846@student.edu
S06847,NMFuCcAbJ6ZH,aditya.das847@student.edu
S06848,FLeGLpEuYsXd,rohit.menon848@student.edu
S06849,ZqSqILeVsFRF,akhil.sharma849@student.edu
S06850,QmLsxyjLpYfE,rahul.patel850@student.edu
S06851,RxC6Rs0FJKlQ,rahul.kumar851@student.edu
S06852,0nbFwcWR6QM2,sneha.nair852@student.edu
S06853,eURCpJqAO6BQ,neha.sharma853@student.edu
S06854,upZIBqpyZzht,anjali.sharma854@student.edu
S06855,iXghRtrtTuhJ,vishnu.kumar855@student.edu
S06856,cOojUFwRHN3E,divya.kumar856@student.edu
S06857,G1XrGLdnhmXw,aditya.reddy857@student.edu
S06858,MKqDFNrXiRbt,rohit.reddy858@student.edu
S06859,FSOtFY1XG5KE,neha.kumar859@student.edu
S06860,00kgqsrMbndR,priya.iyer860@student.edu
S06861,LCxcq110hD3A,nikhil.menon861@student.edu
S06862,V1lHqOyZxtA4,aishwarya.kumar862@student.edu
S06863,mqBNLcjkzk3w,nikhil.menon863@student.edu
S06864,ShBrJGQNpWBE,vishnu.iyer864@student.edu
S06865,0fDXwco1rVYC,kiran.iyer865@student.edu
S06866,LV29XodCGepy,nikhil.sharma866@student.edu
S06867,Vdl50RlzdMll,divya.patel867@student.edu
S06868,TMfNXdTwWRkd,akhil.pillai868@student.edu
S06869,AdjQnpDe91no,rahul.das869@student.edu
S06870,DYnUClhIAzPM,kavya.patel870@student.edu
S06871,uTLXxnpvUAwr,nikhil.nair871@student.edu
S06872,DZ7LzxMD84st,vishnu.pillai872@student.edu
S06873,yd3CRLuWSNpK,aishwarya.sharma873@student.edu
S06874,WY8CZ1gvLaKi,rohit.nair874@student.edu
S06875,BeGtlhO6YBZH,sanjay.sharma875@student.edu
S06876,9cs6rQB1TcEH,anjali.nair876@student.edu
S06877,C5vCK9yKiqUr,sanjay.menon877@student.edu
S06879,FRwrmlTbtu1f,aishwarya.sharma879@student.edu
S06880,dhXfzfpm9QAB,sanjay.reddy880@student.edu
S06881,XYWpR0wbsbRU,kavya.patel881@student.edu
S06882,TALzWLIfKNR2,neha.sharma882@student.edu
S06883,mE19lJxRVzhV,sreya.reddy883@student.edu
S06885,AAsF5cIsKqs8,anand.menon885@student.edu
S06886,lshKtu6m7FkF,vishnu.patel886@student.edu
S06887,DhIzOeUNICC8,akhil.sharma887@student.edu
S06888,LR9gJMNbZKov,meera.iyer888@student.edu
S06889,gD6NmULOwnqx,rahul.gupta889@student.edu
S06890,g0nX6FYkelCb,neha.iyer890@student.edu
S06891,SJ7l0d48mNEt,rahul.reddy891@student.edu
S06892,8EyuIMiVf4MO,kiran.pillai892@student.edu
S06893,0LA2pFnPCBj3,aditya.kumar893@student.edu
S06894,V7ny7GVQZJ4c,pooja.reddy894@student.edu
S06895,MxTJBnkKtoAH,aditya.nair895@student.edu
S06896,aadZLyc3or98,sanjay.gupta896@student.edu
S06897,dGVIM7RwEKYg,meera.gupta897@student.edu
S06898,mG5RzQNRvsKA,arjun.kumar898@student.edu
S06899,ehtYr4w7Y8xq,rahul.menon899@student.edu
S06900,Hc8SkDj5Zsen,divya.kumar900@student.edu
S06901,DcULD42f35FM,rohit.das901@student.edu
S06902,lyNLOGA9oQwX,divya.reddy902@student.edu
S06903,eRIFqQXcQKj5,akhil.kumar903@student.edu
S06904,qrCtJqTJQpCM,vishnu.menon904@student.edu
S06905,KAwbL5rNMNz6,aishwarya.reddy905@student.edu
S06906,3d3Zsmby0Ka5,rohit.patel906@student.edu
S06907,jdtW4zZQi6Iy,akhil.das907@student.edu
S06908,QXhpNwsv4sSY,pooja.menon908@student.edu
S06909,QQ4WVC8WrqaL,sneha.sharma909@student.edu
S06910,OkjubdXObsAN,aishwarya.nair910@student.edu
S06911,veEHTPVB05ZA,nikhil.das911@student.edu
S06912,woGXdZs6Jd7g,divya.sharma912@student.edu
S06913,vfU7MRRmewKN,akhil.pillai913@student.edu
S06914,eWPVrFyfjOw0,sreya.nair914@student.edu
S07915,LI272XFCVaMV,akhil.nair915@student.edu
S06916,HFgrv54NRB2H,anand.iyer916@student.edu
S06917,BDqGjKnxQ5lx,anand.kumar917@student.edu
S06918,VktseqEsCNzU,sanjay.sharma918@student.edu
S06919,ymLWNi7Y2AN4,rahul.pillai919@student.edu
S06920,ArpQptvAHttG,divya.reddy920@student.edu
S06921,HcHtmoLXUDXQ,vishnu.reddy921@student.edu
S06922,cxyDQXrFzBu5,sneha.sharma922@student.edu
S06923,fTpkfZiT9Lej,kavya.reddy923@student.edu
S06924,bOJSX1KcBffo,pooja.iyer924@student.edu
S06925,2MVwz399R6dG,sneha.sharma925@student.edu
S06926,GaHHGeQYar9B,rohit.reddy926@student.edu
S06927,9yJhyj5X33yD,rahul.patel927@student.edu
S06928,5z4jEwKFFr58,nikhil.reddy928@student.edu
S06929,2cT9MY436BXp,sanjay.kumar929@student.edu
S06930,j20wzDCto6uc,vishnu.reddy930@student.edu
S06931,ZU6d3FzU9JXT,meera.patel931@student.edu
S06932,lu44WsXNQbXQ,pooja.menon932@student.edu
S06933,0XTuDOlrRYc5,rahul.pillai933@student.edu
S06934,9LeNqOFK8wVm,kavya.menon934@student.edu
S06935,FttFLMB6BfQ7,divya.menon935@student.edu
S06936,04LnH9vd1r5B,sneha.sharma936@student.edu
S06937,cKmYhTBL7GJh,anjali.patel937@student.edu
S06938,7AHXxaxYZB63,akhil.menon938@student.edu
S06939,1091S0DMpDeI,aditya.kumar939@student.edu
S06940,Qu1eNMRD97qZ,aditya.pillai940@student.edu
S06941,SxC5p9ArRKGs,akhil.iyer941@student.edu
S06942,eAkVqipLJFfY,akhil.das942@student.edu
S06943,WQMSwaQiW3Lg,priya.reddy943@student.edu
S06944,9z9nJQ5fd7BG,kiran.patel944@student.edu
S06945,4wVM7421CARx,sreya.gupta945@student.edu
S06946,Pvjfb3du1Vun,akhil.das946@student.edu
S06947,mhtXIfD9nFmM,rahul.pillai947@student.edu
S06948,7dGFnyx6WFPw,anand.iyer948@student.edu
S06949,Jyz75yr6MZU7,vishnu.iyer949@student.edu
S06950,EjBPnc6PwjMC,rahul.sharma950@student.edu
S06951,3dQhscQbvZOH,kiran.patel951@student.edu
S06952,sfXxyhXi21To,aishwarya.gupta952@student.edu
S06953,fgIjiAyNUGYo,kiran.das953@student.edu
S06954,6FpDrfTGGFnp,kiran.patel954@student.edu
S06955,yd1zHGbQXFrU,rohit.gupta955@student.edu
S06956,nSP7wZxOO6xB,sanjay.gupta956@student.edu
S06957,SzQjk3OKvGtp,rohit.pillai957@student.edu
S06958,ZaBnz7wWHFSX,sreya.das958@student.edu
S06959,TuclsO58kOky,anand.pillai959@student.edu
S06960,lcwindC2Te1u,aishwarya.pillai960@student.edu
S06961,l41WMuRtvTAI,divya.das961@student.edu
S06962,CJOnHeiZo2V7,priya.iyer962@student.edu
S06963,GjF5fi5hxYXZ,meera.iyer963@student.edu
S06964,DyUiZBkVBjBb,akhil.patel964@student.edu
S06965,GcKOm6xpIDew,sanjay.das965@student.edu
S06966,Gw1TVW24oDX0,nikhil.kumar966@student.edu
S06967,MlIYRiavTDb5,nikhil.nair967@student.edu
S06968,hsE1FcsxDXVD,neha.reddy968@student.edu
S06969,AwmW8KPk6ebB,rohit.sharma969@student.edu
S06970,EFfN35SWsIam,arjun.pillai970@student.edu
S06971,LzYxI5IMdUpd,pooja.sharma971@student.edu
S06972,sxb8NZhLvts9,aditya.patel972@student.edu
S06973,kUJRf84X91gg,neha.nair973@student.edu
S06974,kWocWDwC3QNw,anjali.kumar974@student.edu
S06975,deBt6jBwnjRr,vishnu.sharma975@student.edu
S06976,jjZzsTyaJ1yh,rahul.iyer976@student.edu
S06977,28vAkNMz9ow8,rahul.kumar977@student.edu
S06978,v1u1yXOh8Brr,kavya.patel978@student.edu
S06979,nIqVCXCuhuTb,arjun.sharma979@student.edu
S06980,4K23NDMMfjFx,anjali.gupta980@student.edu
S06981,hfgI4BdfCFzM,sneha.menon981@student.edu
S06982,B7hpaKR99uYe,arjun.patel982@student.edu
S06983,HQgOza3rS9E5,rahul.das983@student.edu
S06984,KwnbwZBywzKr,rahul.pillai984@student.edu
S06985,bk0sZ40pVV28,akhil.patel985@student.edu
S06986,uiucItaG4C3D,arjun.sharma986@student.edu
S06987,cLZs6zbxAVlS,rahul.sharma987@student.edu
S06988,xakbDTRCT1s2,aditya.gupta988@student.edu
S06989,wlE9M8QuUoFp,anjali.das989@student.edu
S06990,7Vf1wc3x3BDV,divya.nair990@student.edu
S06991,GPDlA5MGqJ8r,kiran.pillai991@student.edu
S06992,JKIiIvoSs4J8,divya.iyer992@student.edu
S06993,BzsuCZ49F7OR,vishnu.das993@student.edu
S06994,zkftyai6OceP,anjali.kumar994@student.edu
S06995,Wi1zo41QqDt0,sneha.nair995@student.edu
S06996,s7FyEERujexB,neha.kumar996@student.edu
S06997,tR13Dxs3Melg,priya.iyer997@student.edu
S06998,SPKut3CWwI3z,akhil.nair998@student.edu
S06999,xPwQtRaKDiFy,kavya.kumar999@student.edu
S07000,PBMlZUQMFAu1,anand.reddy000@student.edu
S07001,kXyS5z9t7wrg,divya.gupta001@student.edu
S07002,gHyJ4OZtdQy0,akhil.kumar002@student.edu
S07003,UgpZDWTNJo3t,akhil.pillai003@student.edu
S07004,QuUDgb7o9wDw,divya.patel004@student.edu
S07005,FbxoQKnmsl1F,kavya.menon005@student.edu
S07006,wzRXNCoMiGyN,aishwarya.sharma006@student.edu
S07007,vr4MB9ScAEZN,vishnu.reddy007@student.edu
S07008,THyij62fbOPq,sneha.iyer008@student.edu
S07009,xvO1OFXCLiDi,anjali.das009@student.edu
S07010,DdUyVdlXdWYo,neha.iyer010@student.edu
S07011,oXr4jFFJ6FZw,vishnu.menon011@student.edu
S07012,bgusAbI1Ro4b,meera.patel012@student.edu
S07013,vCn7Y7qMjSOw,pooja.das013@student.edu
S07014,IgSA4zsz9Oof,sneha.menon014@student.edu
S07015,dU0ceneQoWWZ,vishnu.gupta015@student.edu
S07016,uYN1z7LbxxxB,kiran.iyer016@student.edu
S07017,GCfKciUPPdBy,akhil.menon017@student.edu
S07018,n12Rx42o2iDS,pooja.kumar018@student.edu
S07019,0n2BwsrMgTTD,aishwarya.iyer019@student.edu
S07020,IgC5h5r3v2az,kiran.patel020@student.edu
S07021,VsH2GgnCdfJK,aditya.nair021@student.edu
S07022,UIHAWGuRaRW3,sanjay.menon022@student.edu
S07023,Ng3fx0Vwgna7,rahul.kumar023@student.edu
S07024,j6hn8Pi8e1aM,sneha.iyer024@student.edu
S07025,dOZg8yuYcIhG,rahul.patel025@student.edu
S07026,4ujuLPJesgn9,nikhil.menon026@student.edu
S07028,ODykNAnPqiVn,nikhil.reddy028@student.edu
S07030,Bx1n1NmiE9fw,meera.reddy030@student.edu
S07031,8cFdvIwB25Db,kiran.sharma031@student.edu
S07032,lXZBbLZY225v,anand.kumar032@student.edu
S07033,OIGSnbKzzVx1,nikhil.patel033@student.edu
S07034,e56U0XjwayMZ,arjun.reddy034@student.edu
S07035,6dWDJwKllKf2,aishwarya.patel035@student.edu
S07036,cI7UqNtGX04Y,rohit.sharma036@student.edu
S07037,TtclEQueW0Gc,kavya.nair037@student.edu
S07038,msAmMpTute0s,priya.das038@student.edu
S07039,xxV3iFxPlk8N,vishnu.das039@student.edu
S07040,Y9OjCfdU9aJ7,anand.das040@student.edu
S07041,ckFgCIdKnYoB,pooja.pillai041@student.edu
S07042,k9fy1yMbviwY,rohit.kumar042@student.edu
S07043,41m6x2mkMUkh,aishwarya.menon043@student.edu
S07044,QDVlZZno78RY,pooja.iyer044@student.edu
S07045,Txt8OVWFY5MH,akhil.menon045@student.edu
S07046,rXyB4dYzYUV4,akhil.gupta046@student.edu
S07047,vVOgg4WxE1V4,sreya.das047@student.edu
S07048,f2Kpoa36tuIz,anand.gupta048@student.edu
S07049,zCFSvqiHJHyC,kiran.sharma049@student.edu
S07050,MmeNq52owuAD,arjun.das050@student.edu
S07052,rSj5BtP9AjBs,kavya.pillai052@student.edu
S07053,BI22ciS0g4CJ,neha.reddy053@student.edu
S07054,VXFVGAe0kBKe,akhil.das054@student.edu
S07055,DoJcEowymWvX,sanjay.nair055@student.edu
S07056,kQyycLosP5KG,nikhil.nair056@student.edu
S07057,mqDC1PTWkZv2,pooja.iyer057@student.edu
S07058,FUtE7eX50eJt,sneha.pillai058@student.edu
S07059,4VAR7cxFRhcR,nikhil.patel059@student.edu
S07060,rILY3gSCW2jr,vishnu.pillai060@student.edu
S07061,4snX4puFVOak,anjali.iyer061@student.edu
S07062,IlvzsQkRD94V,rohit.menon062@student.edu
S07063,5LE1JzS04VUH,aditya.patel063@student.edu
S07065,poqOjVQRwvpg,aishwarya.menon065@student.edu
S07066,1g1TcHmjC9ao,rohit.kumar066@student.edu
S07067,Jeml1DKqivGj,anand.menon067@student.edu
S07068,FM38pdTu8dCb,meera.das068@student.edu
S07069,zyImOEPemCS0,akhil.menon069@student.edu
S07070,2vKMIwyIo1Zr,akhil.das070@student.edu
S07071,kBoaczCZnU04,neha.menon071@student.edu
S07072,A78EVIN8Y8Wo,kavya.das072@student.edu
S07073,6iXpMYxjT3Ke,sreya.iyer073@student.edu
S07074,57kGpX0tkQql,sreya.reddy074@student.edu
S07075,IfTj6yVN6oRs,priya.nair075@student.edu
S07076,MZ6A0GypsvOi,rahul.das076@student.edu
S07077,coSEV0AWEEbz,kavya.gupta077@student.edu
S07078,x2TDezwowPXj,meera.gupta078@student.edu
S07079,rSApbgq4UWbX,pooja.gupta079@student.edu
S07080,oa7T6mnDorlS,rahul.iyer080@student.edu
S07081,37D0g8l8uFRI,meera.gupta081@student.edu
S07082,wh3xUACd30O8,sanjay.patel082@student.edu
S07083,aGnutdtEkjdz,priya.sharma083@student.edu
S07085,EA7KrZWVGsoO,aditya.patel085@student.edu
S07086,3ZSDsSN5GZNg,priya.patel086@student.edu
S07087,TrxnmRIC8ii5,akhil.das087@student.edu
S07088,B2xOMrfOgW1w,kavya.iyer088@student.edu
S07089,z7XNVmx6joys,sneha.patel089@student.edu
S07090,PJJlcKzceAZz,priya.das090@student.edu
S07091,GmFmdyttOzzq,divya.kumar091@student.edu
S07092,pTfXyk2DqO12,divya.menon092@student.edu
S07093,8vtaXv0xOncK,arjun.iyer093@student.edu
S07094,JJfT8sdmME6O,sreya.nair094@student.edu
S07095,srYujbAHM3xa,pooja.reddy095@student.edu
S07096,E3mCACoTaZyg,sanjay.menon096@student.edu
S07097,1O9OEEZZn17C,anand.pillai097@student.edu
S07098,WR6p7Xs1cHis,rohit.nair098@student.edu
S07099,S7xQZ1mi9x2U,anjali.patel099@student.edu
S07100,8BC4VbJfvLWn,rohit.kumar100@student.edu
S07101,VIVYRUFl5qTu,anjali.sharma101@student.edu
S07102,RwrFmidIc6UV,akhil.reddy102@student.edu
S07103,0GNIX2PEPMpP,anand.das103@student.edu
S07104,tA1nPXMqZA0I,aishwarya.patel104@student.edu
S07105,0ZlTw8xWehZy,divya.kumar105@student.edu
S07107,g5WZlkddq6Ya,akhil.patel107@student.edu
S07108,gJhgbhVLrLfA,rohit.gupta108@student.edu
S07109,ZsVsXHe0RdSE,sneha.reddy109@student.edu
S07110,zEKzRDrhkovJ,vishnu.reddy110@student.edu
S07111,cme89xvU9oxy,sanjay.pillai111@student.edu
S07113,cnLdES1wijaj,akhil.kumar113@student.edu
S07114,cTcwoIrGkC0p,rohit.menon114@student.edu
S07115,SyPVExYpCeW1,meera.menon115@student.edu
S07116,fv3Ri3IT0iFR,arjun.iyer116@student.edu
S07117,b103ApTIdlSD,sanjay.pillai117@student.edu
S07118,5rd6HcUAeN4A,akhil.das118@student.edu
S07119,ase7lyc43KtC,pooja.nair119@student.edu
S07120,93ifLOMbBPV9,kavya.sharma120@student.edu
S07121,cxdkKI0S0V9k,divya.gupta121@student.edu
S07122,T1oIqfTVQK15,kavya.sharma122@student.edu
S07123,8aGW5kde0FiR,aishwarya.das123@student.edu
S07125,ROqSZD2ggH0U,arjun.menon125@student.edu
S07126,PaFEQeSyhvRM,kiran.menon126@student.edu
S07127,RXoqKjGhxj5M,kavya.gupta127@student.edu
S07128,fv6yachzMmEU,arjun.nair128@student.edu
S07129,tE1rB5ZdkPmg,akhil.das129@student.edu
S07130,vtnFuHlMO2sq,aishwarya.sharma130@student.edu
S07131,Pu27E1nzmxGo,priya.reddy131@student.edu
S09132,3QPHt2S3ltOF,nikhil.kumar132@student.edu
S07133,b6bET901ALrm,pooja.nair133@student.edu
S07134,yUqi8AQaF8WZ,rahul.iyer134@student.edu
S07135,M9ZKB1nvIhYa,arjun.iyer135@student.edu
S07136,rPQi3TFlt1bT,kavya.pillai136@student.edu
S07137,JbCLoF55KVGm,anjali.gupta137@student.edu
S07138,0KkU60hAwVsS,anand.menon138@student.edu
S07139,VudUQeGOxRBu,anjali.gupta139@student.edu
S07140,7hcUWMdbWonb,pooja.iyer140@student.edu
S07141,rmDMNzgLR5cz,nikhil.pillai141@student.edu
S07142,YM3p6YUxeNZo,sneha.patel142@student.edu
S07143,DP5zmVGVGeRJ,meera.patel143@student.edu
S07144,5vWajDWnkxi4,kiran.patel144@student.edu
S07145,mTR2mI5OLD3c,sneha.pillai145@student.edu
S07146,Ynz5TzaELFzb,divya.kumar146@student.edu
S07147,eFBE75AGcl6T,aishwarya.das147@student.edu
S07148,afL3ZsHHEHzL,anand.pillai148@student.edu
S07149,GRNRNlZvHcEs,priya.patel149@student.edu
S07150,BPNY52aPSXm1,meera.iyer150@student.edu
S07151,1RfXKXWslT3h,akhil.das151@student.edu
S07153,5hjpHgR8E9TS,anand.reddy153@student.edu
S07154,m5DOGt1YncGf,anand.kumar154@student.edu
S07155,AxMvnKfntnV2,akhil.menon155@student.edu
S07156,RtGHnDMIZXBM,aditya.nair156@student.edu
S07157,FHaUzajJE17E,rohit.reddy157@student.edu
S07158,5B2hBonGc6cp,pooja.kumar158@student.edu
S07159,btLdGPRzqsBb,aditya.pillai159@student.edu
S07160,qQwT2DOcUqNQ,aishwarya.das160@student.edu
S07161,NkgcTTxei0MS,aditya.iyer161@student.edu
S07162,xWi64DF3lXyM,priya.menon162@student.edu
S07163,bhcxW74E9AMl,akhil.pillai163@student.edu
S07164,Sbfmr0eDEqgR,divya.iyer164@student.edu
S07165,98tQHfbL80BR,divya.patel165@student.edu
S07166,BLQDySdbz5B3,aishwarya.pillai166@student.edu
S07167,jlIhBv9QVgID,aditya.patel167@student.edu
S07168,5L0CCvYuRp9g,priya.das168@student.edu
S07169,LOQVgxun2kNn,meera.reddy169@student.edu
S07170,kD0ZCz2iboj1,kavya.patel170@student.edu
S07171,RFZROt5fSicy,rohit.kumar171@student.edu
S07172,k3fWHIspvJft,vishnu.iyer172@student.edu
S07173,u65Rk6kNg7k2,akhil.kumar173@student.edu
S07175,3aUmqzBoNdRV,aditya.patel175@student.edu
S07176,q3hW4en5z0wt,sanjay.pillai176@student.edu
S07177,vTrcVNWmbj87,arjun.gupta177@student.edu
S07178,qOilYyk7CvrU,meera.gupta178@student.edu
S07179,oNyW2hgTgS6d,sreya.pillai179@student.edu
S07180,MAoKjta9Kv6L,pooja.kumar180@student.edu
S07181,KHvgEVFoquzw,vishnu.gupta181@student.edu
S07182,tJqghFnVL47W,sanjay.iyer182@student.edu
S07183,eGuJ7WA2m1Cn,meera.pillai183@student.edu
S07184,C6Yk1XbGtVo6,anand.pillai184@student.edu
S07185,5ImceLYWf0Qb,anjali.patel185@student.edu
S07186,vcFg4qqQF0uR,sanjay.nair186@student.edu
S07187,ThmSO4O6eyrW,sanjay.sharma187@student.edu
S07188,UQ6s3LS3kEhn,divya.gupta188@student.edu
S07189,0W56jyfpisbs,sanjay.nair189@student.edu
S07190,Ley5nDjOfL41,rahul.pillai190@student.edu
S07191,2Wx11iMfGHYG,nikhil.menon191@student.edu
S07192,EaVB03jo7HdI,priya.nair192@student.edu
S07193,CrzdO9ri8T6b,sanjay.gupta193@student.edu
S07194,WxfGWLHHIsBI,kavya.das194@student.edu
S07195,16qX6qyesRoC,nikhil.sharma195@student.edu
S07196,FS7qn5T9soBl,anand.reddy196@student.edu
S07197,lziQSeYz3z7C,sanjay.gupta197@student.edu
S07198,syhcpbhu7chG,kiran.kumar198@student.edu
S07199,eKRFwH332Mio,akhil.sharma199@student.edu
S07200,SoJ7rMp3YF4t,pooja.iyer200@student.edu
S07201,3lRMJBsTfawV,rahul.das201@student.edu
S07202,mLdudCwHXNl6,aditya.nair202@student.edu
S07203,BsFGRtn3AJ6f,vishnu.kumar203@student.edu
S07204,LZDS1n0f1Hvl,priya.das204@student.edu
S07205,JmP0e7MrjKxI,kavya.kumar205@student.edu
S07206,MzKMb8EU6iR9,anand.nair206@student.edu
S07207,IAF0hhEw4upI,sreya.pillai207@student.edu
S07208,02QKqWM74r4K,kavya.nair208@student.edu
S07209,RjM0FLaIVgdy,meera.reddy209@student.edu
S07210,45kiMsISV9I9,anand.pillai210@student.edu
S07211,vYGWG4ClikEn,sneha.pillai211@student.edu
S07212,pTKk3lPbHYmG,pooja.das212@student.edu
S07213,YJhlogksCCnd,rahul.sharma213@student.edu
S07214,OJbgUoZcojhg,akhil.menon214@student.edu
S07215,e1a2urLvaH6d,aditya.sharma215@student.edu
S07216,DCPOyZYLrbiw,kavya.patel216@student.edu
S07217,sgR5cFK4tfbH,anjali.nair217@student.edu
S07218,nqOaT4vDXNRO,neha.nair218@student.edu
S07219,1MkjosV2jIKh,anand.menon219@student.edu
S07220,jhjnXzfFguFN,kiran.pillai220@student.edu
S07221,rNRvPEVeDh9G,sreya.iyer221@student.edu
S07222,SXRLn4Sf7yuf,aishwarya.sharma222@student.edu
S07223,TnXYp7yLZnwJ,kavya.gupta223@student.edu
S07224,S3WsV8VvVfU8,aishwarya.das224@student.edu
S07225,4fU01HCZ5QPi,aishwarya.das225@student.edu
S07226,RZcT1SfdhZZY,meera.sharma226@student.edu
S07227,Hfn6l5cSkn3g,meera.sharma227@student.edu
S07228,tXcxAmsJC9s3,divya.pillai228@student.edu
S07229,iTHdiX5GUILa,arjun.gupta229@student.edu
S07230,piss4oVern9v,aditya.das230@student.edu
S07231,3DsDsrudPThb,kiran.sharma231@student.edu
S07232,2qPN7fchAaqz,rahul.sharma232@student.edu
S07233,rj4eWVMWLKYG,kiran.kumar233@student.edu
S07234,EQZaF7eLa5j8,sneha.sharma234@student.edu
S07235,0TeitS3q4Xxf,sreya.sharma235@student.edu
S07236,SobdQks4IzE3,rahul.reddy236@student.edu
S07237,9ByGHDrg9T7A,priya.nair237@student.edu
S07238,wmvHT7yxAfk4,priya.das238@student.edu
S07239,5l9vhylkCmGR,meera.nair239@student.edu
S07240,m40PIvgH1KEJ,anjali.gupta240@student.edu
S07241,sModExJK5ocI,anand.das241@student.edu
S07242,qOwbqxu98lnG,anjali.patel242@student.edu
S07243,qNmvHvOtcUoX,sanjay.menon243@student.edu
S07244,BPhgHfqvmWnf,vishnu.patel244@student.edu
S07245,uya0JumYIqCe,anand.gupta245@student.edu
S07246,ojoY3jDR7wGL,priya.pillai246@student.edu
S07247,j7Uc2CYVbjA4,vishnu.das247@student.edu
S07248,XWr1GRPPixtl,sneha.patel248@student.edu
S07249,Dyg4HGecdsAY,arjun.gupta249@student.edu
S07251,5wJeYOr10Km5,priya.sharma251@student.edu
S07252,UJR3h8LojVzU,sneha.iyer252@student.edu
S07253,c8NpENTik6O6,rohit.nair253@student.edu
S07254,bXJg8dWCEGx1,anjali.menon254@student.edu
S07255,pY3E8Lfrt2Ip,aishwarya.reddy255@student.edu
S07256,5hSjr1tWxvKJ,anjali.iyer256@student.edu
S07258,1SnM0X42RdES,neha.nair258@student.edu
S07259,xSikfWcOmW42,arjun.gupta259@student.edu
S07261,jWv0dxnuruMw,sreya.gupta261@student.edu
S07262,NvsqaXaeXuMK,akhil.menon262@student.edu
S07263,ZiNiObrsFBgt,pooja.iyer263@student.edu
S07264,c4xRGloTpomt,aishwarya.menon264@student.edu
S07265,EqIJK4K364D3,rahul.menon265@student.edu
S07266,44758HTnfW8F,aishwarya.gupta266@student.edu
S07267,tMOXVcj8z327,kiran.pillai267@student.edu
S07268,Zvb1I8B8mS7C,rohit.pillai268@student.edu
S07269,GOVOPLKTJPNG,neha.sharma269@student.edu
S07270,U4fdgKJoj7XB,sreya.reddy270@student.edu
S07271,Nj3Q47FmuDUV,vishnu.reddy271@student.edu
S07272,EEywphEhJsHJ,sneha.gupta272@student.edu
S07273,Om39e6KsAp6W,anand.pillai273@student.edu
S07274,bIutJcw8WUJk,kavya.menon274@student.edu
S07275,VE0tJfuRlXtY,rahul.menon275@student.edu
S07276,0yEx15m4JKqf,kiran.nair276@student.edu
S07277,CgRqzW64Fe5b,sneha.das277@student.edu
S07278,PTHtmOMJPCfA,kiran.gupta278@student.edu
S07279,La75rbWjgWz0,arjun.gupta279@student.edu
S07280,0QgUH1g7kilE,anjali.gupta280@student.edu
S07282,uMks2Cc2xmpf,anand.kumar282@student.edu
S07283,Y4SnNjrNMvGe,arjun.nair283@student.edu
S07284,vnT92ls5U7CL,vishnu.kumar284@student.edu
S07285,cVGREvcRQEma,sneha.reddy285@student.edu
S07286,a1XnPr8KHHgP,meera.iyer286@student.edu
S07287,YEZW78atEVwr,rohit.pillai287@student.edu
S07288,YEKFDENNms5a,vishnu.iyer288@student.edu
S07289,KC2jehQxx999,anjali.reddy289@student.edu
S07290,H6FQ0nGgnsRP,kavya.pillai290@student.edu
S07291,eUaPfVfQWgh7,meera.gupta291@student.edu
S07292,nZVLHhYWaC8D,meera.kumar292@student.edu
S07293,VhZaNlD1p67I,arjun.iyer293@student.edu
S07294,vhfQxQWzOc1H,akhil.menon294@student.edu
S07295,hoRY3ztddYXe,kiran.menon295@student.edu
S07296,LWYdKivkJtDI,rahul.sharma296@student.edu
S07297,H0eEhD1nTYZi,sneha.pillai297@student.edu
S07298,UP3qpDUYVeYt,sneha.sharma298@student.edu
S07299,08uXmFXagQpG,kavya.das299@student.edu
S07300,X167s89n8PXT,akhil.reddy300@student.edu
S07301,L1B3vs6vev8f,rahul.iyer301@student.edu
S07302,FEqkYE2uznw8,rohit.sharma302@student.edu
S07303,r8tsK4CoZR9Y,priya.reddy303@student.edu
S07304,ykueck5Ou5Ap,aishwarya.reddy304@student.edu
S07305,Y82sZ5IqaY1E,sneha.das305@student.edu
S07306,hGYgMoIQPE9v,anand.patel306@student.edu
S07307,GNBJxeb1ue2n,divya.pillai307@student.edu
S07308,9hL1AfvrOCQA,kavya.patel308@student.edu
S07309,VvFKSCy4DBXx,arjun.kumar309@student.edu
S07310,YgPw9lsGKmv9,akhil.kumar310@student.edu
S07311,3V2PKOWKU61S,rahul.kumar311@student.edu
S07312,B2aGYThMM77E,aditya.iyer312@student.edu
S08313,8MYJo7lqvqSM,nikhil.nair313@student.edu
S09314,sPSmkhSDulUn,akhil.iyer314@student.edu
S07315,4an7N72qSENW,sreya.sharma315@student.edu
S07316,rJWk20oQdTPy,aishwarya.nair316@student.edu
S07317,GcQJH3rP2fgi,nikhil.iyer317@student.edu
S07318,FIxupcnG5kR2,pooja.iyer318@student.edu
S07319,oDIZS7jHoojg,kavya.menon319@student.edu
S07320,Ci4tRQexWRy2,aditya.kumar320@student.edu
S07321,MTWM1S47P8OE,neha.patel321@student.edu
S07322,7DsY9C5oGjLq,akhil.das322@student.edu
S07323,Gv54P3pH1Mqf,aditya.kumar323@student.edu
S07324,CWgTRgb0Lwwr,meera.nair324@student.edu
S07325,JmxfKcPlSbNH,sreya.patel325@student.edu
S07326,exbBm8bNaO3E,nikhil.das326@student.edu
S07327,0o78RrOwL2Dt,rahul.pillai327@student.edu
S07328,xdAoksUOpDjz,rahul.gupta328@student.edu
S07329,pXF8RXJ3MxZe,pooja.pillai329@student.edu
S07330,cV4RbU2h1goY,vishnu.menon330@student.edu
S07331,6Pmj8q8JbNmh,kiran.menon331@student.edu
S07332,OTpOsIYJ47cX,anand.gupta332@student.edu
S07335,sqjcZIxHdgA8,arjun.nair335@student.edu
S07336,T3FiBi3ju9NN,nikhil.patel336@student.edu
S07337,B33bVSAKjVDk,kiran.reddy337@student.edu
S07338,Odqs4bCCj0r8,kiran.das338@student.edu
S07339,FqanKpMpqIzw,divya.reddy339@student.edu
S07340,IbgOgmINd5uh,sreya.sharma340@student.edu
S07341,IKZLMcmDHGSi,priya.patel341@student.edu
S07342,k3wBHPHOHnPC,anand.patel342@student.edu
S07343,usKlUnpnUevo,meera.sharma343@student.edu
S07344,8mJWm7qbuoXe,kiran.nair344@student.edu
S07345,PIQonqv3d2xL,aishwarya.gupta345@student.edu
S07346,ahA06htbbX3t,sanjay.menon346@student.edu
S07347,hk9uYuiP9VHH,sneha.gupta347@student.edu
S07348,BlJWXdh5PMQi,sanjay.pillai348@student.edu
S07349,Ea09BMB0WjrH,divya.iyer349@student.edu
S07350,OkedFLrrGhLL,aishwarya.menon350@student.edu
S07351,IX2ROa9pmO3t,aditya.iyer351@student.edu
S07352,NuNYaRkhFJk7,divya.pillai352@student.edu
S07353,9l2kRvuanBr1,neha.iyer353@student.edu
S07354,xixIaI63zE1c,divya.reddy354@student.edu
S07355,X2WyxwIWwN8S,rahul.gupta355@student.edu
S07356,Ccx6WRiTWQoU,nikhil.gupta356@student.edu
S07357,GtUuXD8r3nHZ,nikhil.sharma357@student.edu
S07359,pLo3HSds8wlG,sreya.menon359@student.edu
S07360,sI4spFHzdMXM,pooja.gupta360@student.edu
S07362,exrMiZ2w2hz2,rahul.gupta362@student.edu
S07363,fKBnZmC4fgkW,sneha.reddy363@student.edu
S07364,3lvh3dnJILK0,vishnu.sharma364@student.edu
S07365,UIh1R5OUDv9p,nikhil.menon365@student.edu
S07366,aLiCdu6DGLoa,aditya.pillai366@student.edu
S07367,sXOyKJ880H80,aishwarya.sharma367@student.edu
S07368,oEuk5rB16opZ,sneha.gupta368@student.edu
S07369,fwcWqo0fp8Kp,sreya.kumar369@student.edu
S07370,EVDO1q6RlxtB,priya.reddy370@student.edu
S07371,qUGvm4xmemDt,sneha.reddy371@student.edu
S07372,YJJqnXB5rnlR,pooja.das372@student.edu
S07373,pkLDuFWfZ8WG,priya.pillai373@student.edu
S07374,wtPrfn1HIVb2,rohit.pillai374@student.edu
S07375,cg0cPrEH3SnP,nikhil.kumar375@student.edu
S07376,dlhV7IOR71Eq,kiran.patel376@student.edu
S07377,bLVEWHqWFROX,kavya.gupta377@student.edu
S07378,wLTA9qsCRfHd,rohit.kumar378@student.edu
S07379,BPcaceKgobnU,anjali.gupta379@student.edu
S07380,oIlzmbSkODSV,priya.kumar380@student.edu
S07381,muhI2Z4du2iB,aishwarya.reddy381@student.edu
S07382,j2FZMZHYNC3Y,meera.menon382@student.edu
S07383,pUB8ieGptJaV,anjali.nair383@student.edu
S07384,k4Bu09NFmu1g,aishwarya.reddy384@student.edu
S07385,cyO178TwHpz4,meera.kumar385@student.edu
S07386,lJ5dkERiEKuu,anand.patel386@student.edu
S07387,tAsUqghWlBDn,sneha.gupta387@student.edu
S07389,rYI1iSmJmFzV,meera.sharma389@student.edu
S07390,UZSGJnMpbWTZ,nikhil.iyer390@student.edu
S07391,DDmZM55XKHCa,akhil.gupta391@student.edu
S07392,bfwGLN1lmLTm,kavya.nair392@student.edu
S07393,FfbokWONBcKE,pooja.nair393@student.edu
S07394,6fBcZF00poA3,vishnu.patel394@student.edu
S07395,0Um3yiBAoZwa,anand.patel395@student.edu
S07396,AjQREqdWF8zO,sanjay.patel396@student.edu
S07397,GlMSPAHySsgc,akhil.gupta397@student.edu
S07398,JGDjiQB0mMBd,rahul.iyer398@student.edu
S07399,XCyxErU1AJTe,anand.das399@student.edu
S07400,IoO43HVpO3Xc,akhil.sharma400@student.edu
S07402,Gwuu2fclcdq1,sneha.pillai402@student.edu
S07403,dbtRV3g45Ggi,aishwarya.iyer403@student.edu
S07404,JZANemZnDs10,rahul.reddy404@student.edu
S07405,FIkEifPvNYmn,aishwarya.das405@student.edu
S07406,Jwn1bagfnqqE,pooja.nair406@student.edu
S07407,piuSW08sJA2p,akhil.reddy407@student.edu
S07408,u7OPhgMesfaQ,vishnu.reddy408@student.edu
S07409,iiOA8nBAYuwZ,akhil.patel409@student.edu
S07410,ENVe6TzWBiY8,akhil.sharma410@student.edu
S07411,LaWV3kg7g6yG,kiran.patel411@student.edu
S07412,0V5JJXE0CsXJ,sreya.sharma412@student.edu
S07413,0tmueT6saqAf,sneha.reddy413@student.edu
S07414,KrfmX4ZTzl31,kiran.patel414@student.edu
S07415,HtPUjbowJVAa,rahul.sharma415@student.edu
S07416,bJWBQv6dRgs1,priya.gupta416@student.edu
S07417,Y1HKSWy2xt5D,sanjay.reddy417@student.edu
S07418,XDO8sfTz1qf7,divya.sharma418@student.edu
S07419,T7vVf4n0ZLIG,meera.nair419@student.edu
S07420,9fmPdtj0OTl8,arjun.reddy420@student.edu
S07421,Apq7MRNevYk0,vishnu.das421@student.edu
S07422,56xFVe4MBRkG,pooja.iyer422@student.edu
S07423,nqPaj6sIxgaN,aishwarya.patel423@student.edu
S07424,gcbzFFdfDfnr,pooja.pillai424@student.edu
S07425,62BFuzgd0MSL,sreya.iyer425@student.edu
S07426,GYeYBdvZIhUF,aditya.sharma426@student.edu
S07427,EqMzHR0KMhxW,nikhil.iyer427@student.edu
S07428,kWOTPcr8fVJm,sanjay.nair428@student.edu
S07429,rjzuXtIx9CaF,aishwarya.pillai429@student.edu
S07431,PG7MJ6eHvGrO,priya.patel431@student.edu
S07432,lqWYbEshmbyk,meera.iyer432@student.edu
S07433,BtYWScpRtMMq,kavya.pillai433@student.edu
S07434,LYJsfY5cBtdN,nikhil.gupta434@student.edu
S07435,dsvD5RDLorSo,sreya.reddy435@student.edu
S07436,TnMF6ugYs0B7,aishwarya.kumar436@student.edu
S07437,eno5qi7jfhha,rahul.kumar437@student.edu
S07438,MYoa3tapniOo,akhil.das438@student.edu
S07439,S74bzOFNdWNv,neha.sharma439@student.edu
S07440,Qf5F2hwd9IiF,kavya.kumar440@student.edu
S07441,EfZCGJjcYaBD,anand.patel441@student.edu
S07442,W5bo6Boy5lVN,kiran.gupta442@student.edu
S07443,yZVn1uKRe6IE,vishnu.iyer443@student.edu
S07444,Uar8CkY05Dvw,pooja.gupta444@student.edu
S07445,kvFw8sw4ixDC,vishnu.iyer445@student.edu
S07446,7rZj1Jczqn55,meera.iyer446@student.edu
S07447,teUJSdqnJPfC,priya.reddy447@student.edu
S07448,2V2MrlSDSjm0,neha.pillai448@student.edu
S07449,aT6rgO5zVTkq,divya.sharma449@student.edu
S07450,Zd0T180u5EgO,aishwarya.sharma450@student.edu
S07451,FxjTAqSJmaDt,rahul.gupta451@student.edu
S07452,8TsbBEsVnu0V,neha.nair452@student.edu
S07453,h35xPA4RmqKG,kavya.pillai453@student.edu
S07454,v7GLONcce2Q8,sanjay.reddy454@student.edu
S07455,2sDRAbl3hBQx,vishnu.reddy455@student.edu
S07456,lVLZIDWt4uzd,anand.menon456@student.edu
S07457,szn7kRXeqZV6,divya.gupta457@student.edu
S07458,ptnJU59rL95y,aditya.patel458@student.edu
S07460,8pkPRMvWUK5b,pooja.pillai460@student.edu
S07461,vhDbOjsWeR7E,nikhil.nair461@student.edu
S07462,zQen6nQSSc8K,kavya.das462@student.edu
S07463,zAbiDhQYdWiH,anand.gupta463@student.edu
S07464,RMCcfmMI7Gud,kavya.menon464@student.edu
S07465,C8HKlYwvQ11S,sneha.kumar465@student.edu
S07466,2Q1QeiqZnuQM,meera.iyer466@student.edu
S07467,kOhqIVUNDjLD,anjali.das467@student.edu
S07468,yUhdGMrqKnYr,nikhil.kumar468@student.edu
S07469,qYM1bQjKZTWK,rohit.das469@student.edu
S07470,Gfc4ZLwVj3ks,kavya.pillai470@student.edu
S07471,6zqrLPKgq6Vj,kavya.patel471@student.edu
S07472,T7yGQ8X2u1XS,aishwarya.das472@student.edu
S07473,kvMs3nQHVYg6,pooja.reddy473@student.edu
S07474,tNfhfIMMCHpI,kiran.das474@student.edu
S07475,yqaz9JGzE2I9,vishnu.kumar475@student.edu
S07476,SAFAO4RKKF7Y,kavya.kumar476@student.edu
S07477,XAhs2JJqzivT,akhil.pillai477@student.edu
S07478,fiRPKtVGqENm,pooja.kumar478@student.edu
S07479,qpl7BNze4tsp,divya.gupta479@student.edu
S07480,tyPxNU238bci,kavya.gupta480@student.edu
S07481,H8fnzLuzUrOx,rahul.pillai481@student.edu
S07482,xevE3fdRi3r2,akhil.patel482@student.edu
S07483,RhoLzPwnVdTj,vishnu.sharma483@student.edu
S07484,XmBuOm9lniZz,aditya.sharma484@student.edu
S07486,OXLHtyz9upo2,anand.iyer486@student.edu
S07487,sPvY9Ty3DgTO,sreya.nair487@student.edu
S07488,B41BGbEFcHdN,kavya.nair488@student.edu
S07489,optF2bVn2WvU,rohit.menon489@student.edu
S07490,DTB04oob5h5y,kavya.gupta490@student.edu
S07491,cJB8IqttbuTG,priya.sharma491@student.edu
S07492,Nc3xJrVliIwY,pooja.das492@student.edu
S07493,OqLRxICnJ1KA,arjun.iyer493@student.edu
S07494,QAGn3AMKPbso,neha.das494@student.edu
S08495,NxdiyXVeMQBF,nikhil.sharma495@student.edu
S07496,SmpteMYI94WR,meera.kumar496@student.edu
S07497,ioGnndhM7REo,neha.nair497@student.edu
S07498,i5DFFC2OcmVP,nikhil.das498@student.edu
S07499,yq98MRxWUnCB,neha.kumar499@student.edu
S07500,H7uHAsiIubO7,sreya.iyer500@student.edu
S07501,J49U5q6knePm,neha.reddy501@student.edu
S07502,sC2MTLF6m68m,akhil.pillai502@student.edu
S07503,MVLqhljOmPKC,sanjay.sharma503@student.edu
S07504,iM0tox2ezctD,aditya.pillai504@student.edu
S07506,jpXAdV5L7Rgb,meera.menon506@student.edu
S07507,zw0V1OfPUtzC,pooja.patel507@student.edu
S07508,qMiooSWPYQLF,aishwarya.menon508@student.edu
S07509,HW0ryfLqBNUj,vishnu.kumar509@student.edu
S07510,7w9UNjC4d75t,sneha.pillai510@student.edu
S07511,odLRX4He3OWc,sneha.kumar511@student.edu
S07512,5ZHmFLa2iqEI,kiran.sharma512@student.edu
S07513,YbM8OJMAsJjI,aishwarya.pillai513@student.edu
S07514,s6S0wx0lXeBW,priya.sharma514@student.edu
S07515,lJm0WI5CFxaI,arjun.iyer515@student.edu
S07516,Kw1rKIwQY20o,divya.menon516@student.edu
S07517,9WpYkGPPL7bt,rohit.kumar517@student.edu
S07518,RkElWXcOYEOn,neha.patel518@student.edu
S07520,21jXGigCeKSI,sanjay.gupta520@student.edu
S07521,2t2SleTFyjyZ,neha.pillai521@student.edu
S07522,9b8V4OUo64S7,sneha.pillai522@student.edu
S07523,UbwHAngtueBV,vishnu.reddy523@student.edu
S07524,aH4aTTDCuGoE,anjali.pillai524@student.edu
S07525,C3AidKsuN1Dq,meera.pillai525@student.edu
S07526,0Y8Uj6EAJnWg,anjali.gupta526@student.edu
S07527,si0RGURDBYeE,sreya.reddy527@student.edu
S07528,FTLsZtzLNl7t,nikhil.menon528@student.edu
S07530,9ikVIxODNSUf,akhil.nair530@student.edu
S07531,yiFshUcCqP2p,arjun.pillai531@student.edu
S07532,6RC0Ol0v4ILW,sanjay.gupta532@student.edu
S07533,SOAFW3RjMZy3,kavya.patel533@student.edu
S07534,BU2u53dztyfv,divya.menon534@student.edu
S07535,WOJHXo05ktba,neha.kumar535@student.edu
S08536,DOqTpKi2xJzs,kavya.das536@student.edu
S07537,NmtPzX4MdRAY,arjun.menon537@student.edu
S07538,c8maC5UwHKgm,meera.pillai538@student.edu
S07539,W5WD9164mG60,meera.iyer539@student.edu
S07540,AVRYmCewaA0k,akhil.pillai540@student.edu
S07541,6vglhRgza4Bt,anand.reddy541@student.edu
S07542,066y9DWZ15qo,rohit.menon542@student.edu
S07543,8RjLEy2PP4WS,arjun.sharma543@student.edu
S07544,VZ6NWpNhEcYn,sreya.iyer544@student.edu
S07545,DznvuiYvbQq9,kavya.pillai545@student.edu
S07546,dqSrtKsrX8zj,rohit.patel546@student.edu
S07547,DpY2AJzizaDb,priya.kumar547@student.edu
S07549,iOlZuFGvlmSz,kavya.menon549@student.edu
S07550,jDC1cHdq4qhK,neha.pillai550@student.edu
S07551,aN7AUkFFYc8W,sneha.reddy551@student.edu
S07552,s58GBaaRlxdo,pooja.das552@student.edu
S07553,nRxy5z6bJYPe,kavya.gupta553@student.edu
S07554,eWy3llwjFICe,neha.das554@student.edu
S07555,uTAgC2oKLot3,meera.patel555@student.edu
S07556,VefVB1ko5zN9,anjali.iyer556@student.edu
S07557,ubAZYCyIzO2Z,sreya.pillai557@student.edu
S07558,bnSZuhMlVQAE,anand.iyer558@student.edu
S07559,vGGqv9ikbk1N,neha.gupta559@student.edu
S09560,O1bfysEtOnOm,nikhil.gupta560@student.edu
S07561,G87e7oWAi5rD,rahul.gupta561@student.edu
S07562,3YzvmkSQs4pF,nikhil.patel562@student.edu
S07563,H8cA8XTFaRGB,rohit.gupta563@student.edu
S07564,FfMsP7s5IgPT,priya.nair564@student.edu
S07565,u4e2f4aHRZkq,sneha.patel565@student.edu
S07566,AiBZoC9NOwnQ,meera.patel566@student.edu
S07567,EsgWak2Rm13R,rahul.das567@student.edu
S07568,KRplOa5tS5ag,aditya.gupta568@student.edu
S07569,S5hI1I1zZycT,anand.patel569@student.edu
S07570,SiKwxfFLJ18X,akhil.reddy570@student.edu
S07571,f3ztI8S0JrCr,aishwarya.sharma571@student.edu
S07572,xJsVMd0DtWyo,rohit.pillai572@student.edu
S07573,eKWjlCuGodWz,sanjay.nair573@student.edu
S07574,55WSe4qmlq7M,sneha.sharma574@student.edu
S07575,rUz9U5LDWCsK,rahul.pillai575@student.edu
S07576,CkDC8zUJ9Rvq,divya.pillai576@student.edu
S07577,3EjkU5MTD5e5,sanjay.kumar577@student.edu
S07578,NLNUye49Tiuu,sanjay.iyer578@student.edu
S07579,KirefnkHKV59,kiran.iyer579@student.edu
S07580,07yaFPwlhHtv,divya.menon580@student.edu
S07581,jDhkTutxYIz9,aishwarya.pillai581@student.edu
S07582,GaDDpLIHLR1L,aishwarya.nair582@student.edu
S07583,2tQfE59pGelD,sneha.sharma583@student.edu
S07584,UChgJXOXo4lr,vishnu.iyer584@student.edu
S07585,0h3yYg4Q40Wu,rahul.sharma585@student.edu
S07587,Hxwb65hbSpIv,anjali.kumar587@student.edu
S07588,fJd6U7HYWTXp,meera.kumar588@student.edu
S07589,fgQaurxkoYtw,aishwarya.patel589@student.edu
S07590,T96178PqsDir,pooja.sharma590@student.edu
S07591,V33VBOpOa8bk,aishwarya.sharma591@student.edu
S07592,avxU1UjwchBu,priya.reddy592@student.edu
S07593,zRJ79WTsfokW,kiran.gupta593@student.edu
S07594,WAYEOXDz72Ch,aditya.pillai594@student.edu
S07595,IioZ3Xv0FLZD,pooja.nair595@student.edu
S07596,kyVJZruoF7bv,kiran.menon596@student.edu
S07598,m4lFUvbREvQa,pooja.reddy598@student.edu
S07599,5YZMVhNzuMfd,rohit.pillai599@student.edu
S07600,zNjKud2uSVHo,sanjay.kumar600@student.edu
S07601,tT33x4rbQIU1,anjali.patel601@student.edu
S07602,620bJO29P9xE,anjali.reddy602@student.edu
S07603,axIaOBMzsBPa,anjali.iyer603@student.edu
S07604,P9Yq5zYojGDk,neha.sharma604@student.edu
S07605,zcNYdR2FVsNS,priya.sharma605@student.edu
S07606,weXc8pTG1S30,kavya.pillai606@student.edu
S07607,0Lcf5jtiyWsy,kiran.iyer607@student.edu
S07608,Gqo9rUW6kRCf,kiran.patel608@student.edu
S07609,HVERpjpAqj06,divya.nair609@student.edu
S07610,sVhO0zmuJeLP,pooja.sharma610@student.edu
S07611,sQ5LIWLJZpKj,kavya.sharma611@student.edu
S07612,GsgrorMPoJL8,sanjay.das612@student.edu
S07613,nVShjcD6OBQs,rahul.gupta613@student.edu
S07614,mw2HJu3FERuS,sneha.patel614@student.edu
S07615,ywfG4QUbaaG3,aditya.nair615@student.edu
S07616,szvJ19xYUpm8,rohit.menon616@student.edu
S07617,xvxh35HPQ3Y4,aishwarya.reddy617@student.edu
S07619,aHPYgzUUnaX6,meera.iyer619@student.edu
S07620,gBFl1cYHKgg1,divya.kumar620@student.edu
S07621,sI5Sj7LycqNy,sreya.gupta621@student.edu
S07622,WzDFntlwL5sD,nikhil.kumar622@student.edu
S07623,IRRdPXGyl7BM,sneha.kumar623@student.edu
S07624,oNZxachnuElz,sanjay.gupta624@student.edu
S07625,al7xvZCUZFBF,divya.nair625@student.edu
S07626,hau1pERXa4KA,aishwarya.gupta626@student.edu
S07627,jMZjPEQFuF3W,sneha.das627@student.edu
S07628,MDeu5yR42sNI,arjun.kumar628@student.edu
S07629,TvPOU7fo2IO2,aishwarya.sharma629@student.edu
S07630,WggpmBCfJ0tC,meera.nair630@student.edu
S07631,7ntKpzpzXOsY,arjun.das631@student.edu
S07632,6W4RABOBhtGc,rahul.kumar632@student.edu
S07633,2mcGLgdOTy8B,akhil.gupta633@student.edu
S07634,OdgOw6RxCrAu,neha.das634@student.edu
S07635,YMR5M6QR8P4r,priya.nair635@student.edu
S07636,Z5rGD3XxUC7L,rohit.pillai636@student.edu
S07637,DdwkkH7japPq,rahul.nair637@student.edu
S07638,Xo8SiBafwA3X,sanjay.kumar638@student.edu
S07639,plEKA33gVSnx,pooja.gupta639@student.edu
S07640,rbD5REWPxbxS,anjali.nair640@student.edu
S07643,Y8rkjG8R4n6Q,kiran.das643@student.edu
S07644,qXlP8aogyDHo,vishnu.pillai644@student.edu
S07645,K45Ij5rqx7T6,pooja.sharma645@student.edu
S07646,OEbYfZ5fCHYf,arjun.menon646@student.edu
S07647,EknIEfK2IioB,anand.menon647@student.edu
S07648,n23zfy4rrYjy,arjun.gupta648@student.edu
S07649,5tdWkuAep4l0,akhil.reddy649@student.edu
S07650,pRm3P0s2phDc,priya.sharma650@student.edu
S07651,AygdYsd5pt2F,sanjay.das651@student.edu
S07652,OQq4nJ2RXCrd,sanjay.nair652@student.edu
S07653,3KW45v6b7sw8,meera.menon653@student.edu
S07654,064KZe3cCChV,rohit.reddy654@student.edu
S07655,Q7GQWOWpsCnr,akhil.iyer655@student.edu
S07656,Jmt8JL5cZjvn,divya.patel656@student.edu
S07657,hVBkHUadlD57,priya.nair657@student.edu
S07658,i0mjz40MoCSz,priya.menon658@student.edu
S07659,nV7a0jMxYODt,divya.das659@student.edu
S07660,rZ27ZvkCuiNs,rohit.gupta660@student.edu
S07661,vY1SjiPX9DjA,rahul.patel661@student.edu
S07662,uBTkrHmIaIKp,aishwarya.sharma662@student.edu
S07663,1tQUUraGnV2q,sanjay.das663@student.edu
S07664,o4xCywSCNNFk,sreya.pillai664@student.edu
S07665,ONZPAWT3iFNL,sreya.sharma665@student.edu
S07666,6Oz68QOeK6wi,akhil.pillai666@student.edu
S07667,A9cUI9jfwIWK,anand.das667@student.edu
S07668,AKlGgSwBsGZ8,rohit.nair668@student.edu
S07669,00BoZZsG6XxT,aditya.sharma669@student.edu
S07670,xglPqumsQLEb,rahul.pillai670@student.edu
S07671,rgViBLG4glVg,vishnu.gupta671@student.edu
S07672,7Cb1owRwQUQD,sanjay.patel672@student.edu
S07673,ncZ5vw2ifRGS,akhil.kumar673@student.edu
S07674,BU6OfTmzpy6B,sneha.sharma674@student.edu
S07675,FE25jtBGgdTd,aishwarya.menon675@student.edu
S07676,dWoYiR8eOTHn,aditya.menon676@student.edu
S07677,pffK8AGb2H9Z,nikhil.reddy677@student.edu
S07678,Ox0ygqthWooV,kavya.menon678@student.edu
S07679,VOe5n5AlCAaa,akhil.kumar679@student.edu
S07680,O4Zfpx904ZTs,vishnu.das680@student.edu
S07681,xaZtZwKiy0hN,vishnu.kumar681@student.edu
S07682,PBTwc6dZIGBG,nikhil.iyer682@student.edu
S07683,b3AYHzsxRC6y,akhil.kumar683@student.edu
S07685,2P0YADp7DjBR,pooja.patel685@student.edu
S07686,rd1FGM76TkSF,akhil.pillai686@student.edu
S07687,yMKT3soUBagm,rohit.menon687@student.edu
S07688,LALLeMaFC5dC,arjun.menon688@student.edu
S07689,1iTkQbKsTA5D,sneha.sharma689@student.edu
S07690,dWzym6qloMm5,anand.patel690@student.edu
S07691,LyohT3GUSrQM,sreya.iyer691@student.edu
S07693,QgsqOzNU2TE3,anand.nair693@student.edu
S07694,qFMxrqcy0aVW,sanjay.iyer694@student.edu
S07695,FxOdF1LVTqLo,sanjay.das695@student.edu
S07696,85GIoxJMdP3E,kiran.das696@student.edu
S07697,UwPmUexjHkod,meera.menon697@student.edu
S07698,2YRCok68FqR7,divya.pillai698@student.edu
S07699,THA1bv8F4gqd,priya.sharma699@student.edu
S07700,5A7lMcgZbVlg,vishnu.kumar700@student.edu
S07701,Cm0gNV63iCXC,sanjay.patel701@student.edu
S07702,khitCED8DlkK,pooja.reddy702@student.edu
S07703,bZEKY6UqNlq2,pooja.das703@student.edu
S07704,ijOjZJKaW1ET,anand.reddy704@student.edu
S07705,wfdSAiAAOuIs,anand.iyer705@student.edu
S07706,Ib2uf8UBQspZ,kiran.das706@student.edu
S07707,YzV74oov5bcY,anand.iyer707@student.edu
S07708,usGrM0MhJZVb,rahul.patel708@student.edu
S07709,k0dYhtnHci9v,sanjay.menon709@student.edu
S07710,UZSn7CEupDkn,nikhil.reddy710@student.edu
S07712,pIZztLW7p7W9,kavya.pillai712@student.edu
S07713,tR5lnNr5kAeQ,sneha.kumar713@student.edu
S07714,g0h3WtXYfOtV,priya.sharma714@student.edu
S07715,oYjWeJ94kLem,vishnu.das715@student.edu
S07716,epp3Ing5dcz7,sneha.reddy716@student.edu
S07717,71ZQDsZDUbBB,neha.iyer717@student.edu
S07718,wObN130nhMGg,aishwarya.nair718@student.edu
S07719,UG4lYtXNLoYA,arjun.menon719@student.edu
S07720,OoJiyoDb43x1,kavya.nair720@student.edu
S07721,tusoXYtxkV2N,divya.menon721@student.edu
S07722,n54o1QiB8Qkg,aishwarya.nair722@student.edu
S07723,qgux3XvMvcTz,sanjay.menon723@student.edu
S07724,NYqnhvqemYtc,sneha.pillai724@student.edu
S07725,kkOrFXpK5tKo,pooja.reddy725@student.edu
S07726,LvV3FfcpNRD5,rahul.kumar726@student.edu
S07727,eoG9Es9WkO4M,kavya.das727@student.edu
S07728,QLAtIX3VlXwK,kiran.sharma728@student.edu
S07729,oWB1khKEk91n,neha.menon729@student.edu
S07730,AFqFVxGCUAh4,aishwarya.nair730@student.edu
S07731,nT33DERI8dVB,nikhil.gupta731@student.edu
S07732,sftvAJfTrJWq,kiran.reddy732@student.edu
S07733,J9QXRQ0WJurD,vishnu.reddy733@student.edu
S07734,J2Atknvb2SLH,nikhil.reddy734@student.edu
S07735,pbGYR5mryKox,rohit.iyer735@student.edu
S07737,JjuODHYciNTw,rohit.pillai737@student.edu
S07738,mXHCoyiBs7zz,rohit.iyer738@student.edu
S07739,QEVGrAlkyMM1,kavya.das739@student.edu
S07740,h9OFp4M58oFP,sreya.gupta740@student.edu
S07741,euMpeNKuErXx,divya.das741@student.edu
S07742,mz16UhIYiirl,rahul.menon742@student.edu
S07743,I81oWOxjZkrW,nikhil.reddy743@student.edu
S07744,njwxfodoZAup,rahul.gupta744@student.edu
S07745,h8K7aGftllqA,anjali.menon745@student.edu
S07746,CBmyGXcFsliO,pooja.pillai746@student.edu
S09747,0mJ4ltrEvibB,neha.nair747@student.edu
S07749,kCRtHERYTcEA,anand.sharma749@student.edu
S07750,65CqKXbxIXqu,kiran.iyer750@student.edu
S07751,bWjvBRDPyEGl,priya.sharma751@student.edu
S07752,FG6GdFagPYx8,aditya.sharma752@student.edu
S07753,EjCoK0YKAQKS,rohit.menon753@student.edu
S07754,0EZjhIPN1EV0,divya.das754@student.edu
S07755,Aj7Rp5QZVqH3,rohit.iyer755@student.edu
S07756,l474LbBmj3Xs,kiran.nair756@student.edu
S07757,WYCUxQdB2LG2,nikhil.pillai757@student.edu
S07758,VvBQSVX8dw5I,kavya.pillai758@student.edu
S09759,bbFmXspYhrls,aditya.patel759@student.edu
S07760,NvuRLF1Yf5Hq,pooja.menon760@student.edu
S07761,rr9cyloPJiRc,sanjay.sharma761@student.edu
S07762,r3mXRLCBvYpx,anand.pillai762@student.edu
S07763,3lmWLkl5qVyy,akhil.gupta763@student.edu
S07764,tpQ1RNgmBdRa,pooja.nair764@student.edu
S07765,hstiuoKomnsV,neha.patel765@student.edu
S07766,DQzLXUetK2BP,arjun.nair766@student.edu
S07767,YFrHCvcTLQv0,kavya.iyer767@student.edu
S07769,EQ2sK5UlcMrh,rahul.pillai769@student.edu
S07770,hIdeo5JFikkY,nikhil.gupta770@student.edu
S07771,CrkjpBnTohKu,anjali.kumar771@student.edu
S07772,eQukJ6lmlPEv,sneha.reddy772@student.edu
S07773,qYIrNvZ2nj2I,aditya.iyer773@student.edu
S07774,gpIEXGIy13Uv,rahul.iyer774@student.edu
S07775,OiBRLQBAby3a,rahul.nair775@student.edu
S07776,FptorKmqUNsu,divya.kumar776@student.edu
S07777,HieEnL2Lnh3h,anjali.pillai777@student.edu
S07778,sFDQfrlha5Vh,sneha.sharma778@student.edu
S07779,9CTwMrABDbNL,sneha.reddy779@student.edu
S07780,tjXTOBIvs7mv,neha.gupta780@student.edu
S07781,BBLB1S3gbBES,anjali.menon781@student.edu
S07782,Up8Gl1iOu2sM,anjali.patel782@student.edu
S07783,cr9T3qhNAPMS,divya.sharma783@student.edu
S07784,qBo58Cq746F1,kiran.pillai784@student.edu
S07785,nvaC7X7FmEEL,rohit.patel785@student.edu
S07786,W6p4I6nYRi0A,anand.pillai786@student.edu
S07787,NTOLH4RNRP5l,sreya.sharma787@student.edu
S07788,oKqe50RsIj7P,priya.patel788@student.edu
S07789,IyIJBW6naBAd,vishnu.reddy789@student.edu
S07790,ZuiKQFqkncDy,pooja.nair790@student.edu
S07791,YI6kIPmgemmv,nikhil.kumar791@student.edu
S07792,G5xLAfX6qHfP,divya.kumar792@student.edu
S07793,HLePkHw9vnwG,anjali.pillai793@student.edu
S07794,UE0Hcc2coonT,nikhil.das794@student.edu
S07795,pK316QGLOOJU,sneha.gupta795@student.edu
S07796,CQFVKqoAh8wr,nikhil.pillai796@student.edu
S07797,cJJM1cRkfkst,kiran.sharma797@student.edu
S07798,EkQdTamCqkPX,vishnu.das798@student.edu
S07799,xaQmbjvNaMbj,priya.sharma799@student.edu
S07800,9OkdTrkAkyHp,vishnu.nair800@student.edu
S07801,dp3blTMEz94w,rahul.patel801@student.edu
S07802,60dvYYQEM7Bi,nikhil.patel802@student.edu
S07803,BJsZjXwDbouS,nikhil.gupta803@student.edu
S07804,F8uiEjySUQfr,sanjay.pillai804@student.edu
S07805,P4sQURDgQGMg,arjun.patel805@student.edu
S07806,efEPm22zwXtc,sneha.kumar806@student.edu
S07807,GCNZNT7zGxj5,vishnu.gupta807@student.edu
S07808,mVUZlQBSJpUG,rohit.nair808@student.edu
S07809,KdwVD7gJC961,sreya.pillai809@student.edu
S07810,isPUceTVo3aF,vishnu.reddy810@student.edu
S07811,xokbjyarzN9F,meera.sharma811@student.edu
S07812,x8R5o8CLcYo9,nikhil.menon812@student.edu
S07813,NEg8I5N6nl26,sreya.kumar813@student.edu
S07814,nJRbV2IPWBXD,vishnu.gupta814@student.edu
S07815,EGhCHfhxbXNf,anand.patel815@student.edu
S07816,AGPlB6O2mfN2,kiran.patel816@student.edu
S07817,DysJqtJmoeZN,neha.pillai817@student.edu
S07818,Mc6vqxcse6o2,neha.sharma818@student.edu
S07819,vDeaPOgerdUO,neha.pillai819@student.edu
S07820,jCFVEGcXEEon,aishwarya.kumar820@student.edu
S07821,mjEwgMQLTGSk,akhil.pillai821@student.edu
S07822,Pl3X0S1uQZpS,anjali.menon822@student.edu
S07823,L4dNx0lHeWb3,arjun.nair823@student.edu
S07824,8gsbKnH6Bz2m,sneha.sharma824@student.edu
S07825,zwGwLK6WOr2f,divya.iyer825@student.edu
S07826,9ojHJ7yVcWJu,neha.patel826@student.edu
S07827,ku9hEBz2cJJ6,aishwarya.iyer827@student.edu
S07828,hpw4Eqh5muaP,pooja.pillai828@student.edu
S07829,igc96635vhOW,kavya.nair829@student.edu
S07830,1nUwsZiWHPQt,akhil.iyer830@student.edu
S07831,63ZX1dsxCeMi,sanjay.das831@student.edu
S07832,FHoe6ZktnfTV,neha.gupta832@student.edu
S07833,ecdJX1uxg3z3,aishwarya.gupta833@student.edu
S07834,0AkAE7Lfp3Du,sreya.sharma834@student.edu
S07835,CrV0MwOCBcQI,sreya.sharma835@student.edu
S07836,KVUGkcFlEo9A,nikhil.sharma836@student.edu
S07837,LAKOfwzwwaFv,arjun.pillai837@student.edu
S07838,x2XglgmkasuP,neha.nair838@student.edu
S07839,N4D2Do3sQd7O,arjun.iyer839@student.edu
S07840,3q4gJTnPAJne,sneha.gupta840@student.edu
S07841,jwkQycj5OOzt,anand.gupta841@student.edu
S07842,FrqgYeuUDqsY,kavya.pillai842@student.edu
S07843,qhKqj0I0I3WN,kavya.reddy843@student.edu
S07844,jb0MaX16n9w9,aditya.patel844@student.edu
S07845,FwFxTZWLrHe8,arjun.nair845@student.edu
S07846,EqBvUF7xgJqB,meera.patel846@student.edu
S07847,yJPZK1qsvcXF,pooja.das847@student.edu
S07848,9kMHgcAHUkHW,vishnu.das848@student.edu
S07849,IqSnv8ByVyg9,rohit.sharma849@student.edu
S07850,NgR5rTFe9yJ0,neha.kumar850@student.edu
S07851,4rZvwnV14WHL,vishnu.gupta851@student.edu
S07852,6p6nJCO691Wt,priya.nair852@student.edu
S07853,Sxa2BmvUkj0G,sanjay.das853@student.edu
S07854,53GdyyyawwCl,rohit.gupta854@student.edu
S07855,GA3GNRPqCnl5,kiran.nair855@student.edu
S07856,nf9pgqwZW876,kiran.nair856@student.edu
S07857,9a6tHfOGBhId,priya.sharma857@student.edu
S07858,IpsG3JzCM2F5,anjali.gupta858@student.edu
S07859,fHldqpIFFQDi,sanjay.pillai859@student.edu
S07860,MRvchiMJ1qXy,divya.menon860@student.edu
S07861,iT9qzeY395aL,neha.das861@student.edu
S07863,jvMfXKZhhQ9H,divya.menon863@student.edu
S07864,GU1kPupDH0MX,rahul.patel864@student.edu
S07865,YHzZ9YHzdYmW,sreya.kumar865@student.edu
S07866,rZEBvbSN3S71,vishnu.iyer866@student.edu
S07867,MvX1IvCRVQ5r,divya.das867@student.edu
S07868,amktADaZXGLV,nikhil.kumar868@student.edu
S07869,qmls5eMWgrz1,meera.pillai869@student.edu
S07870,XGbFFz1UfXQZ,anand.pillai870@student.edu
S07871,jg48cMNa9daY,sreya.gupta871@student.edu
S07872,zaludzwCbsly,anand.gupta872@student.edu
S07873,ThtpyE1no9ix,priya.nair873@student.edu
S07874,Sie5SGMNTjoz,arjun.patel874@student.edu
S07875,zslgNFBnU1yg,sreya.kumar875@student.edu
S07876,yjpwzzg4ybew,aditya.nair876@student.edu
S07877,Yc4QyHB5HPis,aishwarya.patel877@student.edu
S07878,HWMVdMkddJDg,sreya.nair878@student.edu
S07879,TOXlzFCbKxLi,akhil.gupta879@student.edu
S07880,nS1eIA3qzTeZ,sreya.das880@student.edu
S07881,OSJJ4k2byiGU,sreya.menon881@student.edu
S07882,uedNdTb00Ylq,anand.sharma882@student.edu
S07883,6TdirgBEUdTv,neha.sharma883@student.edu
S07884,11tjxpGqmQmS,arjun.iyer884@student.edu
S07885,QybRBlyKwsRQ,kavya.iyer885@student.edu
S07886,IIiodQUoc65k,akhil.patel886@student.edu
S07887,A3SaQS1b0fwW,rohit.gupta887@student.edu
S07888,FcZ9jMyvFvRR,aditya.reddy888@student.edu
S07889,ppsnTx8tAbH1,anjali.iyer889@student.edu
S07890,xHVOveCz9buX,anjali.nair890@student.edu
S07891,QwwuyLJVBVFo,akhil.menon891@student.edu
S07892,ZcpRXucZX4Nt,priya.das892@student.edu
S07893,eBsCmIheuxBx,rahul.kumar893@student.edu
S07894,vdmphH7eGSIe,aishwarya.patel894@student.edu
S07895,3nL8dhWz9m8z,aishwarya.sharma895@student.edu
S07896,meEeS44TwUZs,kiran.iyer896@student.edu
S07897,isi7EZy2C9uV,sneha.kumar897@student.edu
S07898,GPcMhEnOHZXi,priya.sharma898@student.edu
S07899,3v7hfojXMilZ,sneha.sharma899@student.edu
S07900,tx9sZyFVK9P6,rahul.menon900@student.edu
S07901,Mb3s4mPxWP6Q,vishnu.kumar901@student.edu
S07902,Z013qOJzlohI,anand.das902@student.edu
S07903,1ZN0gPKAwFO9,akhil.reddy903@student.edu
S07904,550xoCdns8g2,vishnu.iyer904@student.edu
S07905,Og6rOl5iCJlf,divya.reddy905@student.edu
S07906,iipDYbBDgBrB,sanjay.gupta906@student.edu
S07907,vW8xjeiLMNpt,kiran.menon907@student.edu
S07908,93RJgmuWeXTC,aishwarya.das908@student.edu
S07909,NqDpXCVG2YM9,arjun.iyer909@student.edu
S07910,AYHXBVyEtB9x,kavya.reddy910@student.edu
S07911,Dv7edmtKmqCX,aishwarya.menon911@student.edu
S07912,JGRO7Kw2hOtE,neha.sharma912@student.edu
S07913,EG3yULvpqUaH,kiran.gupta913@student.edu
S07914,AHGxj6aRRQx5,aditya.das914@student.edu
S07916,aeI97YTktIV8,aishwarya.kumar916@student.edu
S07917,dLWX7Zo75OrA,meera.menon917@student.edu
S07918,9DdE3wsT9EDn,nikhil.gupta918@student.edu
S07919,3ZiarI2Ojm8i,vishnu.kumar919@student.edu
S07920,4leg3kM1C7KL,akhil.menon920@student.edu
S07921,EFF4G2jlq9vz,pooja.das921@student.edu
S07922,x7sWi2DGmPev,kiran.pillai922@student.edu
S07923,WyLn68cZ61tN,aishwarya.sharma923@student.edu
S07924,G0I5pfCIqM4A,neha.menon924@student.edu
S07925,0Wjh3MwO2EtG,meera.pillai925@student.edu
S07926,SBVUevzmTyOS,rohit.iyer926@student.edu
S07928,OK18hkrFJwhL,pooja.pillai928@student.edu
S07929,swdQgUTok19D,sreya.gupta929@student.edu
S07930,bT4thwZ8PsjX,divya.iyer930@student.edu
S07931,Vi9Lydz1ArjC,nikhil.pillai931@student.edu
S07932,W5wmFqvru89X,meera.iyer932@student.edu
S07933,cs7I1zj8vUsn,anjali.reddy933@student.edu
S07934,VTB7OiUqYSSC,sneha.sharma934@student.edu
S07935,lSr5eugu1a1R,arjun.das935@student.edu
S07936,4aV8dCKe6VHf,neha.menon936@student.edu
S07937,e2L28J71d639,neha.iyer937@student.edu
S07938,UYROb6xLLpK4,divya.patel938@student.edu
S07939,KlWDadetW5ks,aditya.nair939@student.edu
S07940,oVMrNrgqPoVR,neha.kumar940@student.edu
S07941,kinzHheVvJYO,vishnu.gupta941@student.edu
S07942,ORN7mknGno0s,sreya.iyer942@student.edu
S07944,QPu3xY8zxksQ,sanjay.pillai944@student.edu
S07945,SJ78Q85ZKt1m,arjun.menon945@student.edu
S07946,zqHa8jrYWNED,priya.kumar946@student.edu
S07947,bX9q66jhSfb6,kavya.iyer947@student.edu
S07948,9MNGYxKML9ci,sanjay.patel948@student.edu
S07949,o77Wl5vYoATh,arjun.iyer949@student.edu
S07950,tNPXarjqvBnp,sneha.patel950@student.edu
S07951,VnxiAd1wXxxh,priya.reddy951@student.edu
S07952,zPv4yBlEWRcA,arjun.patel952@student.edu
S07953,2hgLSW6WENwf,sneha.patel953@student.edu
S07954,T8CbetDXXlRj,priya.patel954@student.edu
S07955,6kBRVqzuS1UH,anand.patel955@student.edu
S07956,MTqpKuPlOe1V,arjun.reddy956@student.edu
S07957,CZgfcpnT0OkA,anand.patel957@student.edu
S07958,7CSmOQQuafmX,nikhil.nair958@student.edu
S07959,g3Nhjm2NhZu3,rohit.nair959@student.edu
S07960,OpfHkGoeBPTa,sanjay.kumar960@student.edu
S07961,BUx7ZMAoDPHY,akhil.das961@student.edu
S07962,Xm2DfuwKZ5q9,meera.nair962@student.edu
S07963,JLT2YIvKz9cl,kavya.patel963@student.edu
S07964,l8UzjN6LWvm1,rahul.pillai964@student.edu
S07965,RWKzGqLJqMB2,priya.iyer965@student.edu
S07967,MQ1RBu88NKeU,sneha.kumar967@student.edu
S07968,2N6rUSAvcQy0,aishwarya.sharma968@student.edu
S07969,tGgK3yTa5ZUr,aditya.pillai969@student.edu
S07970,ukYnye5Bhqya,aditya.pillai970@student.edu
S07971,CWGIQoTf0tof,akhil.kumar971@student.edu
S07972,uuDzhNdsTtpm,anjali.sharma972@student.edu
S07973,bjaCQKCgL2Va,rohit.sharma973@student.edu
S07974,IsZOq5j69UoU,anand.pillai974@student.edu
S07975,OTCwF9yZrLeH,kiran.patel975@student.edu
S07976,zJ3U8Y5qilOY,sneha.sharma976@student.edu
S07977,8Svci5nwgPvs,sneha.gupta977@student.edu
S07978,TcMdplbQsihz,arjun.menon978@student.edu
S07979,N6ETYnNwQEIC,anand.menon979@student.edu
S07980,aWXOHJvrKc3y,priya.sharma980@student.edu
S07981,QJSCHZxhAnUP,nikhil.patel981@student.edu
S07982,qNR7wmFBnKeX,divya.kumar982@student.edu
S07983,Yar7vw3uJQWC,aishwarya.pillai983@student.edu
S07984,g3koOg9MNBRW,divya.patel984@student.edu
S07985,KilX0MXW9UOQ,anand.reddy985@student.edu
S07986,VCEsiT1aQpQn,vishnu.patel986@student.edu
S07987,FPRaZ9vtINZM,nikhil.patel987@student.edu
S07988,ongadj59zV35,divya.reddy988@student.edu
S07989,BBBFlb8SbYi1,meera.iyer989@student.edu
S07990,ImtEuqFGL8yY,neha.iyer990@student.edu
S07991,0vuCInf6biAn,nikhil.gupta991@student.edu
S07992,hY8P681uTyph,anjali.nair992@student.edu
S07993,lleSlNlhXnNf,vishnu.gupta993@student.edu
S07994,mdELWB6OqBDA,kiran.iyer994@student.edu
S07995,AlqKwb3ROaPW,kavya.reddy995@student.edu
S07996,LnXdfUIMVl4u,kavya.sharma996@student.edu
S07997,TEbWAIz9qd1i,pooja.menon997@student.edu
S07998,1XUoJIwwiI73,anand.pillai998@student.edu
S08000,Q5RlFo7MUgzv,sneha.nair000@student.edu
S08001,GbCYsIlUnQOw,vishnu.patel001@student.edu
S08002,xp318zkGLjAx,aishwarya.das002@student.edu
S08003,JntSc6UckkMS,sanjay.pillai003@student.edu
S08004,V4aFFptHgZRr,aishwarya.das004@student.edu
S08005,n9CMoFn7raC1,nikhil.sharma005@student.edu
S08006,WefLIKJQjwJd,meera.pillai006@student.edu
S08007,UgLTzeMcWZ4Q,rohit.das007@student.edu
S08008,lMyas3iQWGpU,meera.das008@student.edu
S08009,sXKbx43YDrWN,divya.pillai009@student.edu
S08010,mNhYhqRieZoT,aishwarya.reddy010@student.edu
S08011,XxPAV357Cd1q,aditya.gupta011@student.edu
S08012,FtoWV2zWyJ90,aditya.reddy012@student.edu
S08013,vAO3T6ldUvku,neha.menon013@student.edu
S08014,rqyqgTN0X8IU,aishwarya.nair014@student.edu
S08016,GwMkszXBF595,sreya.menon016@student.edu
S08018,4Z5sdg5jP70y,rahul.das018@student.edu
S08019,gKtetuom6ued,pooja.gupta019@student.edu
S08020,cyqATS4Kl3yM,anjali.iyer020@student.edu
S08021,sNURrEMMceGT,aishwarya.pillai021@student.edu
S08022,5EFq3ZeWdoYa,vishnu.das022@student.edu
S08023,m1HU0SwvMwZu,vishnu.reddy023@student.edu
S08025,iV06u7uNSScP,sreya.reddy025@student.edu
S08026,8qLQLaGiB7rl,meera.pillai026@student.edu
S08027,hKLIsAKZ9Ohj,pooja.menon027@student.edu
S08028,XCeGPFGUbzGx,vishnu.patel028@student.edu
S08029,o1u37sycXnrv,rohit.reddy029@student.edu
S08030,Mp75vIiZ89Lw,kavya.reddy030@student.edu
S08031,NmtE01GVASdt,akhil.patel031@student.edu
S08032,3oTH63onpWeX,akhil.nair032@student.edu
S08033,uEOQq5AjiNN3,vishnu.patel033@student.edu
S08034,59SSovxIIb7q,akhil.pillai034@student.edu
S08035,L5wvqRX5wlvb,arjun.pillai035@student.edu
S08036,d63axKNnTmol,divya.patel036@student.edu
S08037,aDo2PFziEIOi,meera.das037@student.edu
S08038,jLVF0P07a3Ci,sanjay.patel038@student.edu
S08039,JImLHkMVXugm,kiran.nair039@student.edu
S08040,yRLEA7XPD05O,arjun.nair040@student.edu
S08041,LaTlhxHdbc4I,nikhil.das041@student.edu
S08042,13nBboE1oN0R,pooja.pillai042@student.edu
S08043,oOzKVarz7HUe,pooja.kumar043@student.edu
S08044,e4DdKe7WXZeK,sneha.sharma044@student.edu
S08045,7MriHwpgC2ww,aditya.das045@student.edu
S08046,7dbT7FZ9RPcc,priya.nair046@student.edu
S08047,j6AspQZLrSRp,sreya.patel047@student.edu
S08048,wIGKuCMCLvg7,divya.nair048@student.edu
S08049,8afrJNqNuSea,kiran.das049@student.edu
S08050,IFg7BFnqHdJg,pooja.gupta050@student.edu
S08051,KPzFmXpg5H2a,divya.das051@student.edu
S08052,rprpfG0Cqzt6,neha.sharma052@student.edu
S08053,sdA7Cw32zKuf,rahul.pillai053@student.edu
S09054,5raNMK6Og2fP,divya.nair054@student.edu
S08055,vVR1wUmnGMds,neha.menon055@student.edu
S08056,AkRbuOryy6k5,akhil.gupta056@student.edu
S08057,kQbntFDzeJBR,divya.gupta057@student.edu
S08058,Q9ezk5HyEaKY,arjun.iyer058@student.edu
S08059,D1g9ELpJzkeh,nikhil.gupta059@student.edu
S08060,571GDgKpHJBI,rohit.gupta060@student.edu
S08061,JacUGIDnaSBv,kavya.kumar061@student.edu
S08062,qiGrrLS80LIG,sreya.nair062@student.edu
S08063,WRtyvirMXE0s,arjun.menon063@student.edu
S08064,oJgULWATIH7A,meera.sharma064@student.edu
S08065,NyNM2GovkQCa,akhil.sharma065@student.edu
S08066,9xpKferBK4Vp,nikhil.iyer066@student.edu
S08067,5A6a1EXaHOeg,kiran.pillai067@student.edu
S08068,doWtcnvJ2n8k,aishwarya.nair068@student.edu
S08069,uOXsjA5RvY7S,priya.patel069@student.edu
S08071,3NrSu3bADLdj,sreya.das071@student.edu
S08072,1MmXqBzkmhqP,kavya.sharma072@student.edu
S08073,sAMAQZoSlhsl,divya.kumar073@student.edu
S08074,xyY5aMbaMvQh,arjun.iyer074@student.edu
S08075,p6cvBos668aN,sanjay.das075@student.edu
S08076,98D3SGZQkqEN,rohit.sharma076@student.edu
S08077,eRcDTuQUMO24,aishwarya.patel077@student.edu
S08078,RDgO61uKfW5T,sneha.sharma078@student.edu
S08079,2x1z7aD02t2D,sneha.sharma079@student.edu
S08080,Zu2eaz4ZiAr6,anjali.sharma080@student.edu
S08081,eXRwBIFzM9bU,anand.menon081@student.edu
S08082,t9U1L2klk8tg,meera.das082@student.edu
S08083,Z75MreIQ3t18,akhil.reddy083@student.edu
S08084,QcGvfET47ZiM,pooja.reddy084@student.edu
S08085,R3KfOotTYFHK,aishwarya.kumar085@student.edu
S08086,RdfaXyRDY8u5,meera.das086@student.edu
S08088,I0AOMlYrb3Wt,divya.pillai088@student.edu
S08089,5t210Vvoh1mQ,arjun.pillai089@student.edu
S08090,x1UNZBK7hgYh,rohit.pillai090@student.edu
S08091,YR18DEQOCUbQ,akhil.das091@student.edu
S08092,AWsMvDpIzH6J,sneha.menon092@student.edu
S08093,nUCTuv76mlqD,priya.patel093@student.edu
S08094,3a3WSGYZJjyF,priya.patel094@student.edu
S08095,D0n3Dg0wMkYg,vishnu.reddy095@student.edu
S08096,OaJfWzfl1hpH,arjun.gupta096@student.edu
S08097,BKfKSVDhgApA,rohit.kumar097@student.edu
S08098,tJXl8Q2Q7ZTd,neha.das098@student.edu
S08099,hWZzFp5I8IeZ,aditya.reddy099@student.edu
S08100,7qjebYyRYXeU,aditya.sharma100@student.edu
S08101,Qay298fYbwQF,sanjay.patel101@student.edu
S08102,g0GYtTlVf7UU,aditya.das102@student.edu
S08103,2cOV31mlaIYP,aditya.sharma103@student.edu
S08104,LnFuT3CADJoc,meera.reddy104@student.edu
S08105,qqE9FgNlP9Ym,akhil.nair105@student.edu
S08106,IN5JtFF4WHUo,nikhil.kumar106@student.edu
S08107,gCATDzYy90r8,arjun.kumar107@student.edu
S08108,rNWj2UAbPi11,kiran.reddy108@student.edu
S08109,G5B1XTL5Z8fN,rohit.kumar109@student.edu
S08110,FHG0Q6T9Pgcp,arjun.sharma110@student.edu
S08111,sqMQdQn7Re9i,akhil.kumar111@student.edu
S08112,Fb8dnjQPUmjj,nikhil.nair112@student.edu
S08113,TwtS8Nn761Bt,meera.pillai113@student.edu
S08114,UmKxIeHyGJA8,kavya.patel114@student.edu
S08115,VLjwGyKkWijB,pooja.kumar115@student.edu
S08116,EbVCHLBucEkk,aditya.menon116@student.edu
S08117,WeWGBCqBwtEQ,meera.patel117@student.edu
S08118,Rj5KFUDgGzPl,aishwarya.menon118@student.edu
S08119,NH24fqVTtptm,akhil.reddy119@student.edu
S08121,SjbKr2UM1kLj,priya.nair121@student.edu
S08122,JDTrVL7bC3dI,rohit.patel122@student.edu
S08123,SauFGESrLW3B,neha.iyer123@student.edu
S08125,pb8DCDuHG316,vishnu.iyer125@student.edu
S08126,3vJTIPFOrDzP,neha.kumar126@student.edu
S08127,FGzc7n4SG9ho,aishwarya.gupta127@student.edu
S08128,OMm6oketGNDF,rahul.das128@student.edu
S08129,yqicvLBVvHAR,divya.kumar129@student.edu
S08130,Osno1RYufKYa,sanjay.menon130@student.edu
S08131,SeAlRP0T2SSr,priya.das131@student.edu
S08132,4VlYcpwvz8Wq,sreya.nair132@student.edu
S08133,ln8Arx4LJ67b,nikhil.menon133@student.edu
S08134,RMuz4M9pi3Bc,aditya.kumar134@student.edu
S08135,uRbNfnfRtGf7,anand.kumar135@student.edu
S08136,xaEYAtMCrcvT,priya.pillai136@student.edu
S08137,nbEN90dhmQkS,aishwarya.nair137@student.edu
S08138,b9TMdfAckp3A,anjali.gupta138@student.edu
S08139,9tN9hqWMPFmG,arjun.menon139@student.edu
S08140,Nn8MP2GQrIMi,meera.iyer140@student.edu
S08141,QAay8eAW9IYQ,nikhil.kumar141@student.edu
S08142,HxQLiyweowc1,pooja.das142@student.edu
S08143,I5J5fO9basI8,anjali.das143@student.edu
S08144,Sh3pbrE4DCiS,arjun.gupta144@student.edu
S08145,vRHvYmtK1YGn,sneha.sharma145@student.edu
S08146,W4Uqi9X0XZwt,anand.reddy146@student.edu
S08147,SjjhD7YZlC9C,akhil.patel147@student.edu
S08148,C6L55qwuMQl0,divya.pillai148@student.edu
S08149,AY4p9kwuPRFz,divya.reddy149@student.edu
S08150,XA9gsIHnN5h2,aishwarya.iyer150@student.edu
S08151,Rodwq5XkHS0y,aditya.kumar151@student.edu
S08152,tpL6QXOqvWnJ,sanjay.gupta152@student.edu
S08153,BaIXvmidLXbr,meera.iyer153@student.edu
S08154,dxq9rGAYdX8c,priya.das154@student.edu
S08155,3grdmibupsJa,nikhil.das155@student.edu
S08157,3Vn9im37nXkQ,rahul.reddy157@student.edu
S08158,ld88Iio4Q1Kk,meera.das158@student.edu
S08159,RJIZLOTFIWrF,priya.gupta159@student.edu
S08160,gpYbERrLrwUG,sneha.nair160@student.edu
S08161,IQryRN0TGmNw,meera.gupta161@student.edu
S08162,NOfwpNCK6fQL,arjun.das162@student.edu
S08163,PFn43UjknRGn,sanjay.sharma163@student.edu
S08164,pfIAUwTCx8Ir,divya.patel164@student.edu
S08165,jsF2hwckoyJd,aditya.patel165@student.edu
S08166,nNdeB3jI3CZ5,aishwarya.kumar166@student.edu
S08167,sq5IxxmBe2TN,sanjay.sharma167@student.edu
S08168,rUNKJcUN7Yvu,pooja.sharma168@student.edu
S08169,ysJ311BKS6nK,rohit.nair169@student.edu
S08170,qAYw0AoUbB49,kavya.kumar170@student.edu
S08171,5CgOzels34V1,akhil.gupta171@student.edu
S08173,2MRDdQZlBCUJ,vishnu.patel173@student.edu
S08174,efSmvoR8iH9f,neha.nair174@student.edu
S08175,5BFplnAPJw4I,pooja.gupta175@student.edu
S08176,ANpOcDRIK3nn,rahul.gupta176@student.edu
S08177,O95HksII3vd5,sanjay.nair177@student.edu
S08178,NVjSAi3Ngi7n,kiran.gupta178@student.edu
S08179,vu2EOCO0V8IG,aishwarya.reddy179@student.edu
S08180,XW5kcnh8ePYU,arjun.kumar180@student.edu
S08181,dkOws9rVmhnc,neha.menon181@student.edu
S08182,CfleaDWLg8wH,sneha.kumar182@student.edu
S08183,9pXbSyb28UNp,sanjay.menon183@student.edu
S08184,yKTHTuRkY7yR,priya.reddy184@student.edu
S08185,1cJYehMiQaha,kavya.nair185@student.edu
S08186,pjOsLlzhvOFy,kavya.reddy186@student.edu
S08187,4xsP1tykUOAN,pooja.iyer187@student.edu
S08188,HFWF3cvBYVAZ,divya.pillai188@student.edu
S08189,smznBFgG2FCx,kavya.pillai189@student.edu
S08190,0QE70Jkwa4KM,nikhil.nair190@student.edu
S08191,j46ZpoDRWFDB,divya.patel191@student.edu
S08192,c4pLUaUq15Iu,sneha.das192@student.edu
S08193,LrOwCsbKxsqM,vishnu.das193@student.edu
S08194,7QIxEwt5TAV0,nikhil.sharma194@student.edu
S08195,8zuS0hFvICnK,sreya.gupta195@student.edu
S08196,hmKkBFr60mRt,vishnu.kumar196@student.edu
S08197,SdTbJaniGl9u,kavya.nair197@student.edu
S08198,saH1umGtnUra,rahul.das198@student.edu
S08199,MCVymBEmkVev,priya.kumar199@student.edu
S08200,eoQEU79K8hHw,vishnu.reddy200@student.edu
S08201,Sw1ip6WWuXab,aditya.gupta201@student.edu
S08202,BgdyeiJnOmFI,sanjay.patel202@student.edu
S08203,wOu22lhMwZE1,rahul.das203@student.edu
S08204,5b4TQjAMFrXS,meera.patel204@student.edu
S08205,6LkqeSrVxmxE,neha.pillai205@student.edu
S08206,8vRS0oFKn2Rw,rahul.nair206@student.edu
S08207,jMZWX7Clw8Nn,neha.sharma207@student.edu
S08208,71E62W70yntP,nikhil.iyer208@student.edu
S08209,IVuyI6tlBYqh,sneha.sharma209@student.edu
S08210,HKjFyOhWrkcy,meera.menon210@student.edu
S08212,fOBE1mYixTE2,rohit.das212@student.edu
S09213,Fz9M7N8NWLrw,akhil.reddy213@student.edu
S08214,enwEc5f5Hvmz,arjun.kumar214@student.edu
S08215,GnJoeyjczrr3,pooja.pillai215@student.edu
S08216,hs7BJkI4ef2t,arjun.reddy216@student.edu
S08217,iwd9ZoVywCKx,nikhil.kumar217@student.edu
S08219,LFMmV764rpik,kavya.das219@student.edu
S08220,PfYNj2kuKhWO,rohit.kumar220@student.edu
S08222,b2yXIWYS86xl,sanjay.patel222@student.edu
S08223,auMEFsUABP2W,arjun.patel223@student.edu
S08224,ZGobmtrkChhF,rohit.sharma224@student.edu
S08225,Rgt4Unz2ORiq,aditya.iyer225@student.edu
S08226,5diRqROYE6h4,kavya.menon226@student.edu
S08228,md5o8kEIccGe,aishwarya.nair228@student.edu
S08229,r9vDw715MGqL,rohit.menon229@student.edu
S08230,mSoRENDZHw5B,divya.patel230@student.edu
S08231,Tjk88wfkTnzu,meera.pillai231@student.edu
S08232,Kq74aCYYsHKY,kavya.pillai232@student.edu
S08233,FOWwLEQBOEia,kavya.menon233@student.edu
S08234,9zCXpvt5tXjA,vishnu.kumar234@student.edu
S08235,TDAEioqzWH6P,kavya.nair235@student.edu
S08236,84sWyS0kID73,divya.reddy236@student.edu
S08237,pCGsYZ2u4wvQ,vishnu.menon237@student.edu
S08238,lSJ0vPxIp508,aditya.menon238@student.edu
S08239,1BuNlbQdDYvv,akhil.reddy239@student.edu
S08240,NAOilEJlueNg,anjali.menon240@student.edu
S08241,CPJ7xqohrFvC,anjali.sharma241@student.edu
S08242,kMtxk6fBhB1h,rohit.menon242@student.edu
S08243,4x1nQ9ry0kLO,rahul.nair243@student.edu
S08244,NflMFy2gVlZV,kiran.menon244@student.edu
S08245,uvDPpQqKaFAY,aishwarya.das245@student.edu
S08246,3sh6rlEyRSZL,aishwarya.sharma246@student.edu
S08247,f3k2Xn378wpl,anand.sharma247@student.edu
S08248,mrKxnhMtjQff,anjali.nair248@student.edu
S08249,l0WUsCfaCW0v,sneha.das249@student.edu
S08250,ZQgx9XJuwLzW,arjun.gupta250@student.edu
S08251,k37L1O5D2of5,kiran.menon251@student.edu
S08252,uNOS6rmM8CLQ,nikhil.iyer252@student.edu
S08253,UiFxLYvGnVEG,anand.menon253@student.edu
S08254,94JFMGBfLqyt,sanjay.patel254@student.edu
S08255,OSq7aGrPgxyu,rahul.patel255@student.edu
S08256,RdODOltd7gDK,akhil.pillai256@student.edu
S08257,vja3whqY22SL,sneha.menon257@student.edu
S08258,zXRNZDSVUtYo,aditya.patel258@student.edu
S08259,lu5DXW2gmXoN,divya.pillai259@student.edu
S08261,dsWKCsUQPtb7,aishwarya.reddy261@student.edu
S08262,JCfGMvCLTMWR,arjun.sharma262@student.edu
S08263,uXWNvuBWpOuF,aditya.sharma263@student.edu
S08264,j4aj5cMqNPnw,nikhil.nair264@student.edu
S08265,0CjSImWf5BiE,sreya.iyer265@student.edu
S08266,0gi1accOQem0,divya.iyer266@student.edu
S08267,dPjv1PbHuC4F,neha.patel267@student.edu
S08268,bfXiJCFqUsgz,kavya.patel268@student.edu
S08269,Yxg7oCq5sNwA,sreya.sharma269@student.edu
S08270,qYlfvUEut45z,nikhil.sharma270@student.edu
S08271,iEkz7FGUyeKE,sanjay.sharma271@student.edu
S08272,8QpDDmXOpr7u,rohit.gupta272@student.edu
S08273,C5lQvNyMl2wd,sneha.reddy273@student.edu
S08274,GmnsSfCtP9Yv,anand.gupta274@student.edu
S08275,ZjZObPMlhHrF,priya.kumar275@student.edu
S08276,AW8HH9TxuDQl,nikhil.patel276@student.edu
S08277,G2CBjQ6Cam98,sanjay.nair277@student.edu
S08278,y9MY7crDIUE5,divya.reddy278@student.edu
S08279,69py7bjFKIfF,sreya.patel279@student.edu
S08280,xcPk8Y0yxnPD,aditya.reddy280@student.edu
S08281,7OLg4WEuhUMO,sreya.iyer281@student.edu
S08282,mPvhqlDoJOiC,rohit.nair282@student.edu
S08283,YLtoyTvfsY2f,rohit.reddy283@student.edu
S08284,RbVTJrouJOdh,sanjay.kumar284@student.edu
S08285,RwQ6ysCw1VXk,anand.menon285@student.edu
S08286,cY39snoyddJY,anand.gupta286@student.edu
S08287,PR5WkiR8sMLN,anand.patel287@student.edu
S08288,rPORBHJQXf1a,pooja.sharma288@student.edu
S08289,9SJcLBGN3rxL,sanjay.gupta289@student.edu
S08290,8mhffpH79qT4,vishnu.das290@student.edu
S08291,oFhFDwYVoOkt,priya.pillai291@student.edu
S08292,fnkLX1cog9Cn,sreya.menon292@student.edu
S08293,dDJs1atSVoc5,rahul.iyer293@student.edu
S08294,IitnXAAHAYV0,aishwarya.reddy294@student.edu
S08295,m95iEWXdC10p,arjun.sharma295@student.edu
S08296,VZXoiCYQeoQz,vishnu.nair296@student.edu
S08297,eW3jjWHeM1yt,meera.patel297@student.edu
S08298,uRFBx0trpsRc,divya.das298@student.edu
S08299,nQO3KhiGGbdS,sanjay.menon299@student.edu
S08300,vyhC4lAjcEyv,akhil.kumar300@student.edu
S08301,gOhok7DEoNlp,sanjay.patel301@student.edu
S08302,c0WDRo3Yz2yv,priya.das302@student.edu
S08303,5IbMAQlCN0Wi,aishwarya.reddy303@student.edu
S08304,Q6yHRy6VD61s,kavya.sharma304@student.edu
S08305,1pyUk2iuK9MY,sanjay.pillai305@student.edu
S08306,UNsFVofHpe8p,divya.kumar306@student.edu
S08307,nGC4ljjyWcFl,arjun.pillai307@student.edu
S08308,VrHMILdHivYA,anjali.iyer308@student.edu
S08309,15Qpm2p0hvi0,anjali.reddy309@student.edu
S08310,5TbgMhhF00rh,kavya.patel310@student.edu
S08311,IzlKxA45bfOy,nikhil.nair311@student.edu
S08312,tyFO5d89PRLJ,vishnu.menon312@student.edu
S08314,UZEsshir8ZXo,sneha.patel314@student.edu
S08315,BBZHCYJUg6gT,divya.sharma315@student.edu
S08316,rcAEvjHTFz5j,anjali.iyer316@student.edu
S08317,crIisFMIlqtg,kavya.reddy317@student.edu
S08318,5iME9juRIRSf,priya.sharma318@student.edu
S08319,vCr4qX2KiKXh,sreya.reddy319@student.edu
S08320,yJGQ5SXGltJq,akhil.das320@student.edu
S08322,soF6LFShIxN7,anjali.kumar322@student.edu
S08323,JWMUHVzya9NF,neha.sharma323@student.edu
S08325,spPLKeXS81Ev,aishwarya.menon325@student.edu
S08326,NNI36ubw6l0b,sreya.reddy326@student.edu
S08327,QkVFK0CxTunO,kavya.menon327@student.edu
S08328,le62jJ3cWETZ,meera.nair328@student.edu
S08329,omfyX5pikEvX,kiran.sharma329@student.edu
S08330,sUjrK0K0Gna7,akhil.nair330@student.edu
S08331,e4sF5OLrWZaY,divya.nair331@student.edu
S08332,YJJVScjttgUQ,divya.nair332@student.edu
S08333,vYtBWTD8D9OV,arjun.menon333@student.edu
S08334,sjXv9aB0SMlP,arjun.patel334@student.edu
S08335,WZvClTxRQ9h9,priya.nair335@student.edu
S08336,vnYX9H0S7Q7Z,divya.sharma336@student.edu
S08337,EGCAsgL640kY,vishnu.sharma337@student.edu
S08338,hzlXwMCkLQFd,pooja.patel338@student.edu
S08339,Xkm9xDjcLN9j,pooja.sharma339@student.edu
S08340,aptT7aelToYh,rohit.menon340@student.edu
S08341,YVg41x61m8JW,sneha.kumar341@student.edu
S08342,kBLoPd8QPJLY,anand.iyer342@student.edu
S08343,mlXKiaTxR3kG,aditya.reddy343@student.edu
S08344,6vnsxtd89OD3,meera.nair344@student.edu
S08345,XG0K1q0Xzc20,arjun.nair345@student.edu
S08346,zbOuHY2dmUt0,aditya.reddy346@student.edu
S08347,p17cPibreCVd,sanjay.reddy347@student.edu
S08348,Qu3xh68RPdG9,sanjay.kumar348@student.edu
S08349,IfJeGA23R1fl,kiran.sharma349@student.edu
S08351,iABr6xkstEnd,divya.sharma351@student.edu
S08352,xTHU9GU9wnqR,priya.pillai352@student.edu
S08353,5RUx9XWFOEgk,aishwarya.kumar353@student.edu
S08354,qiM8nk9OQ99a,kiran.patel354@student.edu
S08355,ZQ1bzNlU4SeR,sanjay.pillai355@student.edu
S08356,VbpeI7zSsRiN,neha.pillai356@student.edu
S08357,glLJGFwQEB2o,akhil.reddy357@student.edu
S08358,c2qutCfOoInN,sreya.sharma358@student.edu
S08359,MVQj2wflvqhI,kiran.nair359@student.edu
S08360,GSHgnaJ0izw1,divya.kumar360@student.edu
S08361,tOrWV7ur3RPZ,aishwarya.reddy361@student.edu
S08362,U305yhulcJau,rohit.gupta362@student.edu
S08363,yaHMKCqvmVY2,kavya.kumar363@student.edu
S08364,gXD8PORbcjJf,meera.reddy364@student.edu
S08365,lio2NzeZkHDH,pooja.das365@student.edu
S08366,WtnhhLnM5Swu,anand.sharma366@student.edu
S08367,dcsf7Qkmqalo,sanjay.gupta367@student.edu
S08368,tuBPC6uSNQEM,arjun.kumar368@student.edu
S08369,Ackzs6FYHZQZ,kavya.patel369@student.edu
S08370,ybVPHz1HPGFF,arjun.iyer370@student.edu
S08371,bU9gOCvgDZt9,arjun.iyer371@student.edu
S08372,n00OwfaF5zZg,akhil.das372@student.edu
S08373,GPLUnErvdv1V,priya.reddy373@student.edu
S08374,zU5CPxfrutsp,priya.sharma374@student.edu
S08375,VgNEtL7DubUm,anand.reddy375@student.edu
S08376,w5XreZMxZfiO,pooja.das376@student.edu
S08377,oGS5Q36Ac65v,nikhil.gupta377@student.edu
S08378,uqMwYQoCURw1,pooja.pillai378@student.edu
S08379,fYqP5cHcpryx,priya.nair379@student.edu
S08380,IKZTavO2Tcsw,anand.pillai380@student.edu
S08381,5uevl3z32v3T,kavya.kumar381@student.edu
S08383,C9kYe0ZIPTZb,sreya.patel383@student.edu
S08384,L3xJkG9xjI8s,rohit.sharma384@student.edu
S08385,wNkIrCmMomWJ,aditya.sharma385@student.edu
S08386,3n2SsqtZKLvR,kiran.kumar386@student.edu
S08387,DuvmRBttRiZe,neha.iyer387@student.edu
S08388,G0jQ44RALevd,kiran.menon388@student.edu
S08389,p5511L86ESzm,anand.sharma389@student.edu
S08390,NZzySomImVnq,neha.gupta390@student.edu
S08391,AXFRG0O6od7f,rohit.menon391@student.edu
S08392,SKrZlZcoA4YF,arjun.gupta392@student.edu
S08393,RnI2Rvm53j67,rohit.kumar393@student.edu
S08394,Q7SHpj2xTfis,anjali.kumar394@student.edu
S08395,QuoUJas65XhI,pooja.nair395@student.edu
S08396,8tkP2DwVi9hB,aishwarya.pillai396@student.edu
S08397,SSog527Mqjnt,vishnu.das397@student.edu
S08398,REoZEOX73LXt,vishnu.gupta398@student.edu
S08399,1Ap6bEC5joFQ,sneha.menon399@student.edu
S08400,M1n999RMyUiL,divya.pillai400@student.edu
S08401,QOf39bD52noL,sreya.gupta401@student.edu
S08402,HUoxVOCYxMCS,pooja.reddy402@student.edu
S08403,ETrfWy98dG3F,rahul.kumar403@student.edu
S08404,E9NbdX46IVZy,divya.das404@student.edu
S08405,CMH6USg9j8V4,rohit.menon405@student.edu
S08406,ylaKndHWD38b,sneha.iyer406@student.edu
S08407,jW4GXkgB3cqt,anand.pillai407@student.edu
S08408,eJ9q7idG3yrr,anjali.menon408@student.edu
S08409,lVdM2fTiehIr,rahul.pillai409@student.edu
S08410,BabfX3RhjRpC,anjali.menon410@student.edu
S09411,g0cPQSUIqq1C,anjali.sharma411@student.edu
S08412,4A6AMEgwCK9F,priya.reddy412@student.edu
S08413,hZtR2FoD0Seu,nikhil.sharma413@student.edu
S08414,bxBULJVXW4MX,akhil.das414@student.edu
S08415,RRRIY4MukL4o,akhil.pillai415@student.edu
S08416,yB32hrZ2of52,vishnu.das416@student.edu
S08417,dcaEO5rgDWGQ,sreya.iyer417@student.edu
S08418,D9omOiAg2GC2,aditya.reddy418@student.edu
S08419,nmcyqnd7CZln,kavya.sharma419@student.edu
S08420,s0gJAwcdKsji,kiran.pillai420@student.edu
S08421,VpIWRqwXbfh7,vishnu.gupta421@student.edu
S08422,FT0uAWPxqitd,rohit.kumar422@student.edu
S08423,VHgDpHLebrG0,akhil.nair423@student.edu
S08424,l96CmwYZKgNk,sreya.kumar424@student.edu
S08425,cunFwYCJKPW4,nikhil.iyer425@student.edu
S08426,Q2o5XVwptvpB,divya.das426@student.edu
S08427,x6tBnU1wXytT,rohit.reddy427@student.edu
S08428,0Z8qq8j85amB,neha.patel428@student.edu
S08429,JvQJjyFyoH5N,rahul.gupta429@student.edu
S08430,i4kf0mw27hGu,sreya.das430@student.edu
S08431,rsMCuuYLjn8A,pooja.pillai431@student.edu
S08432,UBnqsIUEH8dv,anjali.patel432@student.edu
S08433,3ri3QoK7xlGs,nikhil.patel433@student.edu
S08434,NiVBrqNkqqYs,nikhil.nair434@student.edu
S08435,oETqhei3FzSW,akhil.sharma435@student.edu
S08436,WWnCl8fE2OuJ,meera.patel436@student.edu
S08438,KRITyU9g68jV,anjali.iyer438@student.edu
S08439,3jCJFMqnMUgX,sanjay.reddy439@student.edu
S08440,ccdKjY8dmWhI,aishwarya.kumar440@student.edu
S08441,hBW3Lb8gXd7H,sneha.iyer441@student.edu
S08442,rG8bEa6HgGDk,nikhil.sharma442@student.edu
S08443,dqMTVdAUJeo3,nikhil.gupta443@student.edu
S08444,f65xBZxh8hG4,aditya.sharma444@student.edu
S08445,ZizaWVV0uOUm,arjun.sharma445@student.edu
S08446,QnbZYql7ZuWn,kavya.menon446@student.edu
S08447,RH0vnyV4sIdS,kiran.kumar447@student.edu
S08448,RUgo4VIhJoqB,nikhil.nair448@student.edu
S08449,WmcWTDGU93gp,anand.menon449@student.edu
S08450,V6puYA2ljB1g,akhil.nair450@student.edu
S08451,JLrcaFRAcxCY,rahul.pillai451@student.edu
S08452,S4nWJmE2s7OA,sreya.gupta452@student.edu
S08453,G6e4CEbkgqRJ,neha.patel453@student.edu
S08454,epePujVAUyyW,divya.gupta454@student.edu
S08455,XYLLAkN7IbMm,anjali.pillai455@student.edu
S08456,JKf5lQj98XQj,rahul.nair456@student.edu
S08457,NSuJIxtSFi84,vishnu.menon457@student.edu
S08458,RHvPIL9QLwAI,pooja.kumar458@student.edu
S08459,suXTHXzF6OVo,sneha.reddy459@student.edu
S08460,sE8cVCgvuwP0,aditya.iyer460@student.edu
S08461,ZQyzOPNxFadG,rahul.menon461@student.edu
S08462,tiC1vmBY3e0c,rohit.nair462@student.edu
S08463,vj6yHlD94PRo,rohit.reddy463@student.edu
S08464,hTArWokJp5ek,divya.iyer464@student.edu
S08465,3K09qrmi2dLC,nikhil.das465@student.edu
S08466,qra6a0pdy1Kb,anand.gupta466@student.edu
S08467,UqAnBPdZAB6y,rahul.menon467@student.edu
S08468,29MIyl1NXkgE,aditya.pillai468@student.edu
S08469,AinJZXk1roYS,pooja.gupta469@student.edu
S08470,4eLgT2mlPiL5,aishwarya.menon470@student.edu
S08471,2y3HAIOyqGKI,anjali.iyer471@student.edu
S08472,wBUegWOPqplh,kiran.reddy472@student.edu
S08473,VL1WbVymxXQz,neha.das473@student.edu
S08474,y36pAzirWbb0,rahul.pillai474@student.edu
S08475,CykuuGw1mILw,sreya.sharma475@student.edu
S08476,FoZ4eHZjmFKc,aditya.menon476@student.edu
S08477,NnEgdyxRfSrp,akhil.menon477@student.edu
S08478,XMqmwCQoH5N2,meera.das478@student.edu
S08479,qNshBrCvv24B,sanjay.gupta479@student.edu
S08480,mx4LTlEHAPFn,priya.kumar480@student.edu
S08481,qjE72etqjs3t,priya.kumar481@student.edu
S08482,LhKP35ejhr2h,pooja.iyer482@student.edu
S08483,1VD9ugwMPCJs,vishnu.menon483@student.edu
S08484,ovvAlfedCnSd,nikhil.reddy484@student.edu
S08485,ig1PcLnAaafq,anand.iyer485@student.edu
S08486,7Wa0u7lbxssL,arjun.gupta486@student.edu
S08487,RGVHp3bDizJe,sanjay.patel487@student.edu
S08488,lvPGJEcUMNFM,pooja.gupta488@student.edu
S08489,1BYu7aTGByxY,kiran.sharma489@student.edu
S08490,iAdPvuHG7Dx9,sreya.menon490@student.edu
S08491,8vWOBXsjNxWS,meera.iyer491@student.edu
S08492,vWVAc3gLXDf7,sneha.menon492@student.edu
S08493,ZdzQqaPeE72X,priya.gupta493@student.edu
S08494,ryajfYAjU5UC,divya.gupta494@student.edu
S08496,ZAnyni0xSaw7,priya.reddy496@student.edu
S08498,pusoyyZvn7QR,meera.pillai498@student.edu
S08499,ROaNd5sAqGKX,meera.pillai499@student.edu
S08500,OzW60QPkLCgY,priya.sharma500@student.edu
S08501,nid4MmE4pk7s,akhil.gupta501@student.edu
S08502,jcu5EqMvJSku,anjali.pillai502@student.edu
S08503,rdvonXSqYicp,anjali.patel503@student.edu
S08504,drvY5ZwpzwpH,priya.menon504@student.edu
S08505,nGwNHOZ6qa14,meera.pillai505@student.edu
S08506,l0RqgkRU4tVe,meera.pillai506@student.edu
S08507,ncWU087clELp,sneha.nair507@student.edu
S08508,ZlnTTiODIx8u,kiran.patel508@student.edu
S08509,fJ25sfwNNtCc,rohit.kumar509@student.edu
S08510,npv9J6PAdJgn,nikhil.iyer510@student.edu
S08511,p2jzPOhiDstj,kavya.patel511@student.edu
S08512,eZ5esbhyL9j0,aditya.reddy512@student.edu
S08513,nqk51w4EnOuc,kiran.das513@student.edu
S08514,ypmEhJ4qubd9,rahul.pillai514@student.edu
S08515,nLjjXW4wXWzX,arjun.pillai515@student.edu
S08516,StXqgpEQQU2D,sreya.kumar516@student.edu
S08517,ynBW6q9CwJn7,divya.das517@student.edu
S08518,Qtk6ki2sFJvp,pooja.nair518@student.edu
S08519,StdGlELcXHPz,neha.iyer519@student.edu
S08520,ZtPku1vERvuF,sanjay.sharma520@student.edu
S08521,Q9xE2RdPQq6Z,neha.patel521@student.edu
S08522,oRi3HEm415uN,rohit.patel522@student.edu
S08523,XQuRWk4FdJ91,meera.gupta523@student.edu
S08524,lOGQTZCtYwqk,priya.pillai524@student.edu
S08525,XPRYmawDyWsx,pooja.das525@student.edu
S08526,l58P4QgJA69l,kavya.nair526@student.edu
S08527,ZtSmd60LR6W8,divya.kumar527@student.edu
S08528,sldShhw6VaCK,vishnu.patel528@student.edu
S08529,HSGhhuQkazkV,rohit.gupta529@student.edu
S08530,mh2DuGFhrLzV,sneha.patel530@student.edu
S08531,YTtgxsw8BRMA,neha.das531@student.edu
S08532,YGy5aMp7dnkv,sneha.menon532@student.edu
S08533,5CJISDrjoHgT,sanjay.gupta533@student.edu
S08534,rXAJWhChEALS,kiran.sharma534@student.edu
S08535,B4AcVG1etbzZ,priya.gupta535@student.edu
S08537,HymgHg010xb6,anjali.patel537@student.edu
S08538,z8NBvPVwRxSh,rahul.sharma538@student.edu
S08539,7s1e1EvFo1y3,anjali.gupta539@student.edu
S08540,TxKKBHvSi383,pooja.patel540@student.edu
S08541,p1fqln8Bu9vs,kiran.sharma541@student.edu
S08542,NGYzvC8TpCEf,priya.pillai542@student.edu
S08543,y6mC0sQyYXxI,meera.kumar543@student.edu
S08544,2b4NeHMSMjUV,nikhil.kumar544@student.edu
S08545,UWGXTjqy8ZDL,aditya.nair545@student.edu
S08546,zzA8ttqck7h9,meera.nair546@student.edu
S08547,ctyEUTlYPqtP,kavya.patel547@student.edu
S08548,K0H7FFSG6RjA,arjun.patel548@student.edu
S08549,srkku6Bj4nqF,neha.reddy549@student.edu
S08550,3GEXIiv7S4ga,akhil.nair550@student.edu
S08551,AkZG4aeSXSD9,kiran.menon551@student.edu
S08552,acTjQp6OYvXq,divya.reddy552@student.edu
S08553,MdRKHzWTLTPG,aishwarya.nair553@student.edu
S08554,VH91lVlvGJZo,vishnu.pillai554@student.edu
S08555,GTgT6NQL3qhc,aishwarya.sharma555@student.edu
S08557,40KavGzjAot6,anand.patel557@student.edu
S08558,F2BRBtoMVluN,sneha.sharma558@student.edu
S08559,jNPbaowXxVSF,priya.iyer559@student.edu
S08560,iExW6ln4QdZ3,vishnu.pillai560@student.edu
S08561,R0dMl60ZeteW,neha.menon561@student.edu
S08562,lmlixBYXXAnw,rahul.pillai562@student.edu
S08563,DtkwBxCg9TMW,divya.reddy563@student.edu
S08564,1feCFY582n4k,pooja.nair564@student.edu
S08565,nmEuMh2AFFS6,vishnu.iyer565@student.edu
S08566,2TtvQFdhBHdB,nikhil.reddy566@student.edu
S08567,1EkLGbDganJQ,aishwarya.menon567@student.edu
S08568,WboShrfsGV2x,aditya.sharma568@student.edu
S08570,t45loLiDPDf2,sreya.kumar570@student.edu
S08571,m6INHmj5n7oW,neha.gupta571@student.edu
S08572,8b1GWHuQAx9x,arjun.sharma572@student.edu
S08573,E2NiSAAj3Oz5,sanjay.menon573@student.edu
S08574,4mk0D8qmYNJh,vishnu.sharma574@student.edu
S08575,qvJy5mzpSBlf,kavya.sharma575@student.edu
S08576,aJtOuAsADrQe,aishwarya.nair576@student.edu
S08578,Lk8WrJ81PKhc,arjun.gupta578@student.edu
S08579,SpMHbwK3VdFr,divya.iyer579@student.edu
S08580,Lo2Ec5bwnrmm,rahul.reddy580@student.edu
S08581,szS7X5KWHECm,kiran.patel581@student.edu
S08582,l3ccshd3wiLU,meera.reddy582@student.edu
S08583,j0k60PAUDjIJ,akhil.iyer583@student.edu
S08584,VhENGLZxb3kF,sreya.iyer584@student.edu
S08585,bkxIsZzzQDQ2,nikhil.patel585@student.edu
S08586,lXDySUEQudv6,sanjay.kumar586@student.edu
S08587,MBmJLm92latz,pooja.kumar587@student.edu
S08588,y3TJOpHyvM3G,aishwarya.iyer588@student.edu
S08589,0TEGeSDsV4wK,priya.das589@student.edu
S08590,B1Jj2JqhWeLs,sreya.das590@student.edu
S08591,HtDZ8W1DQMJj,meera.iyer591@student.edu
S08592,flUTp7d14PDf,sneha.pillai592@student.edu
S08593,LwxLsM5Q0arP,anand.das593@student.edu
S08594,MDKC7VHFSiQM,anjali.menon594@student.edu
S08595,1q3cj01UuI6v,rahul.menon595@student.edu
S08596,NcOGf69N9v95,akhil.menon596@student.edu
S08597,wAdGuqD8YFL7,arjun.patel597@student.edu
S08598,TSK65jTivhY6,aishwarya.sharma598@student.edu
S08599,jrGtU4hfFaO7,sanjay.gupta599@student.edu
S08600,NV6EWaizeQQm,rahul.iyer600@student.edu
S08601,AfHuePhTK0Qn,kavya.iyer601@student.edu
S08602,IxDyqWbpVPXd,kavya.das602@student.edu
S08603,fWpjmJMcDRh1,arjun.patel603@student.edu
S08604,owVwHnBpz1zd,kavya.sharma604@student.edu
S08605,kx2VDFH95PNH,rohit.patel605@student.edu
S08606,AhyBET4yG0tr,meera.reddy606@student.edu
S08608,Fsn2mJYwsarZ,arjun.menon608@student.edu
S08609,YiDwV1IpEe6e,neha.patel609@student.edu
S08610,KFR6u4BygUQU,sanjay.patel610@student.edu
S08611,59hT9gBqwjoF,rohit.kumar611@student.edu
S08612,go9kKTGdFwaN,sanjay.gupta612@student.edu
S08613,hmtpuUEgH2Lv,kiran.nair613@student.edu
S08614,XLVaBcUmr3ux,meera.kumar614@student.edu
S08615,JYuflUCzFCo9,priya.das615@student.edu
S08616,nBK91WDq2dWl,divya.nair616@student.edu
S08617,D5SNrm3p5SwZ,nikhil.kumar617@student.edu
S08619,oJcWeAOE3Ggc,pooja.gupta619@student.edu
S08620,SabYZymsHXaC,aditya.gupta620@student.edu
S08621,s2reeBoulKr8,rahul.kumar621@student.edu
S08622,Eavozc5TJSuv,priya.pillai622@student.edu
S08623,LFVVOg7F9zfd,pooja.kumar623@student.edu
S08624,DSSfwI4YHB6u,neha.patel624@student.edu
S08625,p4IU4mp3SmV2,anand.menon625@student.edu
S08626,54lHyulWItsd,sreya.kumar626@student.edu
S08627,DrvcL8l2H05H,anand.pillai627@student.edu
S08628,IK37yFMWR6Ij,rahul.kumar628@student.edu
S08629,3KKavWPWGCRT,sreya.pillai629@student.edu
S08630,VqD1bhhChGgu,arjun.gupta630@student.edu
S08631,dlhB3SzhiT9s,rahul.pillai631@student.edu
S08632,XWbLemYgDiRE,divya.menon632@student.edu
S08633,kuH5JXojp1wz,anjali.reddy633@student.edu
S08634,pLkwNczkfIuQ,sreya.nair634@student.edu
S08635,XP0aNobrTF7K,akhil.nair635@student.edu
S08637,LgDpistkUkz7,pooja.das637@student.edu
S08638,fxK6MycJMNDy,kiran.menon638@student.edu
S08639,zXIfw5eolHZc,anand.das639@student.edu
S08640,UZdz0LjY6yRw,meera.reddy640@student.edu
S08641,lXy0hgVCtgdn,aditya.patel641@student.edu
S08642,PxNwiK3ClTwC,anand.iyer642@student.edu
S08643,Whru5gVR6SGN,meera.kumar643@student.edu
S08645,Ayiz6vu0hWBf,anand.sharma645@student.edu
S08646,BZoXe4JmoDWe,nikhil.menon646@student.edu
S08647,qrYcDWmkQgnA,sreya.sharma647@student.edu
S08648,IkXrQAYjRKE8,akhil.nair648@student.edu
S08649,P3W22KLxv2pS,sneha.reddy649@student.edu
S08650,TPS2jV09p0dw,aditya.sharma650@student.edu
S08651,F2CHjSzKptHs,nikhil.reddy651@student.edu
S08652,yLw7wTkHSCmH,kiran.patel652@student.edu
S08653,WJhtIqfw5mnn,divya.reddy653@student.edu
S08654,yxAdoq7IJ1ZX,anjali.reddy654@student.edu
S08655,vV17cmuEDXQc,akhil.gupta655@student.edu
S08656,2K0gNqGdo3nt,rahul.reddy656@student.edu
S08657,6KbpSMwwyiSy,sneha.menon657@student.edu
S08658,uzDP39CFDsG1,meera.das658@student.edu
S08659,RDL8eniWCwhk,anjali.nair659@student.edu
S08660,4l0z8MbKJ7XZ,akhil.gupta660@student.edu
S08661,Fu50oYRKWnDr,aditya.gupta661@student.edu
S08662,8oNA48yqu2dk,neha.menon662@student.edu
S08663,IWwuV4y0fYSd,nikhil.nair663@student.edu
S08664,gwPtR0cjMVFZ,priya.das664@student.edu
S08665,8eMzCUFFTPbd,rohit.reddy665@student.edu
S08666,yQr5MdUcf220,sanjay.reddy666@student.edu
S08667,DiEH6Ygv2NDj,meera.kumar667@student.edu
S08668,HquUKoYt13GF,pooja.nair668@student.edu
S08669,iBUjyd3SxiIL,rohit.gupta669@student.edu
S08670,WNj74kBlZyP5,aditya.sharma670@student.edu
S08671,f25h3OYVwI5u,anand.pillai671@student.edu
S08673,ZMiC6NJoQuoL,kiran.nair673@student.edu
S08674,gQ45qtwxRzP0,sanjay.kumar674@student.edu
S08675,zKrS2nRRlhqD,sreya.nair675@student.edu
S08677,amLJkzl8SvJY,rahul.gupta677@student.edu
S08678,HvDlevSCYLx6,nikhil.das678@student.edu
S08679,A0KcuNWA6Vku,priya.pillai679@student.edu
S08680,9kiswHCeWECE,kavya.das680@student.edu
S08681,KysEqZhuRnWJ,rohit.iyer681@student.edu
S08682,lyMqOj33MMjB,priya.iyer682@student.edu
S08683,7ugksGx8wrWr,nikhil.iyer683@student.edu
S08684,3RZSotb4ss9U,rohit.nair684@student.edu
S08685,8hNDPdQXEpOr,neha.kumar685@student.edu
S08686,5GI9qicW3GCV,anjali.reddy686@student.edu
S08687,RbItVgyXrZv9,kiran.kumar687@student.edu
S08688,x9naDSwV6eVB,aditya.nair688@student.edu
S08689,dbpw3m8d6T6j,kiran.iyer689@student.edu
S08690,5YrmYfgfeznq,rohit.patel690@student.edu
S08691,mtiLiY9bsHR5,aditya.patel691@student.edu
S08692,8iOxAELaReoK,rahul.nair692@student.edu
S08693,IsrHldBF4ojg,vishnu.das693@student.edu
S08694,aUaPUTciMUb2,anjali.sharma694@student.edu
S08695,ZFQa8mQPUSJ9,akhil.das695@student.edu
S08696,tMaYaWfCWzsL,vishnu.pillai696@student.edu
S08697,chSLAkv49u5v,divya.patel697@student.edu
S08698,JNTF4roeWKhi,arjun.gupta698@student.edu
S08699,LLWASdiuWxJP,neha.gupta699@student.edu
S08700,smX4wpkN17y9,divya.gupta700@student.edu
S08701,WeJyr9rvbevS,anjali.patel701@student.edu
S08702,JYEYLH48Jk0w,arjun.sharma702@student.edu
S08703,VfdHG1QzLcW8,akhil.pillai703@student.edu
S08704,4HgVDsaMo1Wo,sreya.das704@student.edu
S08705,n3U9okz4XQCS,arjun.nair705@student.edu
S08706,SdbNNfU3IbuD,meera.gupta706@student.edu
S08707,RTdXtKEfWoZc,vishnu.reddy707@student.edu
S08708,K2P8MIFEDM4i,kiran.gupta708@student.edu
S08709,HiSoRERQme6R,sreya.gupta709@student.edu
S08710,xaJQJiZ6WQZN,neha.pillai710@student.edu
S08711,bffpyCQceIiO,meera.patel711@student.edu
S08712,fFHgSQCZM4JN,neha.das712@student.edu
S08713,bQMGizFJ5UCs,neha.kumar713@student.edu
S08714,dT5j5drfjD8V,neha.gupta714@student.edu
S08715,JOl98qB5avTr,neha.iyer715@student.edu
S08716,Bt2qv1Wgs52I,pooja.sharma716@student.edu
S08717,BojpKxdSvSse,meera.sharma717@student.edu
S08718,nkEtm69fXRnO,sreya.das718@student.edu
S08719,AmKbvmDCo3BB,anjali.menon719@student.edu
S08720,rr4eUE3eK23c,aditya.patel720@student.edu
S08721,2uN9KpZq30Cp,rohit.kumar721@student.edu
S08722,wUDeGHB629gk,anand.sharma722@student.edu
S08723,yphJMOtKV5ja,divya.das723@student.edu
S08724,j5MZB5bQbApE,anand.menon724@student.edu
S08725,MS3XffcHB8Vt,sneha.gupta725@student.edu
S08726,m0nU9oShAxni,anand.menon726@student.edu
S08727,G9ESpxw7l175,priya.menon727@student.edu
S08728,g6NniiqPQ5Yc,anand.kumar728@student.edu
S08729,DFf8CVDK5dUk,nikhil.patel729@student.edu
S08730,0PcUj7D7RT8J,neha.gupta730@student.edu
S08731,AK7if4bhB3c6,rohit.menon731@student.edu
S08732,npeoOtEIrzUm,rahul.gupta732@student.edu
S08733,l3hrWi854NEA,anand.pillai733@student.edu
S08734,4DpEKjeZGheG,aditya.kumar734@student.edu
S08735,TKITgsmtnzDg,rahul.kumar735@student.edu
S08736,wy2X5NSkduyA,pooja.menon736@student.edu
S08737,59gQjXW4tf6v,anand.nair737@student.edu
S08738,BB09cjYnCn6w,anjali.iyer738@student.edu
S08739,jDaXCR96NTdV,sneha.sharma739@student.edu
S08740,8H7b7cF6Awd8,divya.gupta740@student.edu
S08741,m7LWL7ZipGBc,sneha.reddy741@student.edu
S08742,e7PhtArlhB57,divya.nair742@student.edu
S08743,G2CC5i6G84fg,sanjay.patel743@student.edu
S08744,PIrWl29dYNpO,anjali.patel744@student.edu
S08745,eGjMmp35X8dB,rohit.iyer745@student.edu
S08746,tilnGAKLcVz3,priya.reddy746@student.edu
S08747,AMKC8wiMvkLM,sanjay.reddy747@student.edu
S08748,D9hySTD2UzK1,vishnu.das748@student.edu
S08749,bmJsnVsanld9,anjali.iyer749@student.edu
S08750,FDJF8M6htwt3,aishwarya.patel750@student.edu
S08751,VPNlVQqb4GbV,anjali.patel751@student.edu
S08752,5Z8GFE1mtRFD,aishwarya.gupta752@student.edu
S08753,M6StMsdcYNSd,neha.das753@student.edu
S08754,SuOhcdVUIjPI,sneha.kumar754@student.edu
S08755,AAlY7MVrINVI,rahul.patel755@student.edu
S08756,RmVljNgfFDRi,akhil.kumar756@student.edu
S08757,u4QmzouWisxG,divya.kumar757@student.edu
S08758,kwmN1Mk3dWdS,rohit.das758@student.edu
S08759,8Tjg9oUSX6TU,kavya.reddy759@student.edu
S08760,6PRzwrVo9Lrw,vishnu.iyer760@student.edu
S08761,mpXsvOjFfTQM,arjun.gupta761@student.edu
S08762,fCWjv0xIZ9zJ,arjun.pillai762@student.edu
S08763,RWupAVoaU9XL,aishwarya.sharma763@student.edu
S08765,ShSlEEHW7R08,aishwarya.gupta765@student.edu
S08766,rDjysnHB0Rpw,kavya.reddy766@student.edu
S08767,2BZCbyfC2qoC,meera.kumar767@student.edu
S08768,Z3aY3gOQx2i5,sanjay.pillai768@student.edu
S08770,UnIrlOSE4MDE,meera.menon770@student.edu
S08771,9llP3lcCJaOU,anjali.menon771@student.edu
S08772,E2lPEDutw7QQ,sreya.iyer772@student.edu
S08773,aACGpEMdXrzm,pooja.gupta773@student.edu
S08774,aXaTz82WoGLp,sreya.kumar774@student.edu
S08775,V1muu3ERUlOR,sanjay.gupta775@student.edu
S08776,3dnXqBSkIKhr,sneha.reddy776@student.edu
S08777,tlRsSrKioIPp,nikhil.patel777@student.edu
S08778,bjS3T0vOl3by,kiran.patel778@student.edu
S08779,RuLpGH85fgVj,kavya.pillai779@student.edu
S08780,6U1QhJYVf0dA,anand.pillai780@student.edu
S08781,MWJ87wO4EZvR,kavya.menon781@student.edu
S08782,LksI5oIXLaz3,anand.iyer782@student.edu
S08783,zsORrloUPdL7,akhil.nair783@student.edu
S08784,lkODXVwkvnAI,divya.nair784@student.edu
S08785,aWiCIWMJ2wrT,vishnu.das785@student.edu
S08786,z2RLEejYO8bi,kiran.das786@student.edu
S08787,brmq1Bo6Kp7p,sreya.pillai787@student.edu
S08788,YZdCRZcR9Wdd,anjali.menon788@student.edu
S08789,6tfJMAWpHv9N,neha.kumar789@student.edu
S08790,HrHEu6eOxpSK,anand.menon790@student.edu
S08791,xUjbgWtYPxNL,divya.menon791@student.edu
S08792,UNcEVUnjT3Vo,aishwarya.gupta792@student.edu
S08793,3nAypfKv2Zwe,akhil.kumar793@student.edu
S08794,gXiWEoLLKjer,arjun.kumar794@student.edu
S08795,hT7mjyzgTxum,priya.patel795@student.edu
S08796,w4lZnzV1Ce8a,meera.reddy796@student.edu
S08797,GT2f81am1REx,anjali.iyer797@student.edu
S08798,hY2UosUgEiuP,kiran.reddy798@student.edu
S08799,fQshrekWpUub,priya.nair799@student.edu
S08800,EVz54l43DT4n,pooja.pillai800@student.edu
S08801,6X6v30QBX8Tz,akhil.kumar801@student.edu
S08802,JKokVYCeSPvo,akhil.kumar802@student.edu
S08803,lDJG5ZjUx53l,sanjay.patel803@student.edu
S08804,Aj5TICiNo0Xq,pooja.patel804@student.edu
S08807,ETjA2IPkWPS6,kavya.sharma807@student.edu
S08808,upgY4WA8Dntf,aishwarya.nair808@student.edu
S08809,IEcktGea3Vcq,meera.gupta809@student.edu
S08810,eM0r50pbuSVR,sanjay.iyer810@student.edu
S08811,n1k9g0cOd9ec,kavya.iyer811@student.edu
S08812,zME6bx2oB8s8,neha.pillai812@student.edu
S08813,YTaztGPZsdS3,meera.das813@student.edu
S08814,GsAfLnNcJuRK,kiran.reddy814@student.edu
S08815,v7h7b96cC9gF,akhil.sharma815@student.edu
S08816,SRUZvG1og1H2,meera.reddy816@student.edu
S08817,nhr5HO4KxOzM,neha.das817@student.edu
S08818,HguEKbY9FLv0,nikhil.reddy818@student.edu
S08819,31z7NrNsv5WO,sneha.sharma819@student.edu
S08820,QnJ7QY7miZHV,divya.das820@student.edu
S08821,853c0eAqrNmT,meera.sharma821@student.edu
S08822,kx64FV37Hsks,vishnu.das822@student.edu
S08823,ZmRXYfkApzYQ,anand.kumar823@student.edu
S08824,JLNgKvChcO1e,rohit.das824@student.edu
S08825,FSML9M3mGKJi,kavya.das825@student.edu
S08826,u00I4sk7cIBk,arjun.reddy826@student.edu
S08827,y8mGlh5Ssf80,rohit.reddy827@student.edu
S08828,WnrlMU9ztSLG,aditya.iyer828@student.edu
S08829,ErTDUCzvgvqw,akhil.patel829@student.edu
S08830,IL77FJG7LK59,neha.kumar830@student.edu
S08831,s2o8LBNanXwW,rohit.kumar831@student.edu
S08832,p2irQS82XqMu,neha.patel832@student.edu
S08833,hXUrhysgfas2,divya.nair833@student.edu
S08834,0ncRBRRdPHEj,divya.sharma834@student.edu
S08835,dtVt869bDUnC,meera.nair835@student.edu
S08836,vHaWTNzbjSHR,divya.nair836@student.edu
S08837,kptDXDtzF5ex,anand.gupta837@student.edu
S08838,Fy9F7octs6Dd,aditya.kumar838@student.edu
S08839,KIZAId2KmpM4,priya.pillai839@student.edu
S08840,Vc2qqL9wcUau,kiran.kumar840@student.edu
S08842,WjOVHla1cDki,akhil.pillai842@student.edu
S08843,zOrfkE608chI,priya.iyer843@student.edu
S08844,qy0R1k3dGZtU,aishwarya.reddy844@student.edu
S08845,ZZESSFrKII06,sneha.das845@student.edu
S08846,kuOIM6QASJPz,kavya.pillai846@student.edu
S08847,boUopZeewHcb,kavya.gupta847@student.edu
S08848,sG1l75hpG5Ys,rohit.reddy848@student.edu
S08849,ulRvVLTpqRxW,divya.nair849@student.edu
S08850,YtEtkTJXLLHI,priya.nair850@student.edu
S08851,azfmwDArrH6L,neha.kumar851@student.edu
S08852,uyxTtNPHOXva,aditya.das852@student.edu
S08853,YQS8vshKU8F5,priya.nair853@student.edu
S08854,IlcbsgrNUJ4C,rohit.sharma854@student.edu
S08855,BeDjM7cwXJg7,neha.iyer855@student.edu
S08857,KlllCJPBZXJN,neha.nair857@student.edu
S08858,stCwaNz0hlqT,meera.menon858@student.edu
S08859,jmxPmGBMK6J0,arjun.das859@student.edu
S08860,XN16eWLLV7Si,anand.patel860@student.edu
S08861,B5leiwbfVCWa,neha.iyer861@student.edu
S08862,l1I7wS5GKK3I,rohit.gupta862@student.edu
S08863,5jP5JZlTKZs2,aishwarya.sharma863@student.edu
S08864,op9L0boWOEh0,priya.nair864@student.edu
S08865,3mGm1aAMImpo,arjun.kumar865@student.edu
S08866,p71bp6HVJ6KV,rohit.pillai866@student.edu
S08867,rkXjdlv7QDRY,aishwarya.pillai867@student.edu
S08868,MaInrYBbL78G,kiran.kumar868@student.edu
S08869,GJSaKSEjDU4s,aishwarya.menon869@student.edu
S08870,IysBjOSG1MCN,sanjay.pillai870@student.edu
S08871,SoWzK5K3YONJ,sreya.iyer871@student.edu
S08872,AOalJPm3Lto9,neha.gupta872@student.edu
S08873,qAEVKYvoqyms,neha.kumar873@student.edu
S08874,U1Wn3GIu7kYa,sneha.das874@student.edu
S08875,QyS2tTawZ11J,arjun.patel875@student.edu
S08876,NFWrzXSM2UIm,akhil.iyer876@student.edu
S08877,RbTNcwRgssAv,divya.kumar877@student.edu
S08878,IelDqnlaOiWN,sreya.kumar878@student.edu
S08879,IAoVCRG7870E,kavya.patel879@student.edu
S08880,0iYAuKQV5hXv,akhil.das880@student.edu
S08881,5s3jlMXgFv0B,akhil.das881@student.edu
S08882,KFbEqVr3n7p4,arjun.patel882@student.edu
S08883,AEZH7o1MXUtx,aishwarya.sharma883@student.edu
S08884,GGzjwJkvOzEW,neha.patel884@student.edu
S08885,roqv3S1WOAWs,akhil.reddy885@student.edu
S08886,Mn8NOVDuKfuI,sreya.pillai886@student.edu
S08887,BGwEreonMBaD,neha.kumar887@student.edu
S08888,5zVCbN9hYbqQ,divya.sharma888@student.edu
S08889,Gsw8uK0r00Eg,sneha.das889@student.edu
S08890,f1hhHGZO1UiF,sanjay.sharma890@student.edu
S08891,Hz4ULlKqdrvK,priya.pillai891@student.edu
S08892,DTU7mbTzZfdd,pooja.iyer892@student.edu
S08893,5qepOLqsRgcb,aditya.menon893@student.edu
S08894,BcJDN5Qhd33M,sreya.sharma894@student.edu
S08895,tI4wraOpQdOS,akhil.patel895@student.edu
S08896,8ssV0Igr3yHf,sreya.patel896@student.edu
S08897,kCSCzzaMZXKr,vishnu.menon897@student.edu
S08898,6uLTr6lXqtwE,rohit.menon898@student.edu
S08899,NN6HKGInwDfU,sneha.gupta899@student.edu
S08900,gc96nQSI0YJF,meera.gupta900@student.edu
S08901,r3WeADLFBmcA,pooja.iyer901@student.edu
S08902,IVAmhRGlylDd,anjali.patel902@student.edu
S08904,syxaJQQIkaT9,nikhil.reddy904@student.edu
S08905,I7bpcDIxkWrJ,nikhil.nair905@student.edu
S08906,VjMOV94fekvw,rohit.iyer906@student.edu
S08907,HiIFOyviQV1M,rohit.pillai907@student.edu
S08908,Gd9MOUbN4ek9,anjali.nair908@student.edu
S08909,BYrb4syxvYw5,divya.iyer909@student.edu
S08910,jwd5TCgesQKS,neha.menon910@student.edu
S08911,nXxsTcFeaSvK,anand.kumar911@student.edu
S08912,ysqj7v9exT8K,pooja.menon912@student.edu
S08913,KZpCdDUVdvWS,rahul.patel913@student.edu
S08914,NeUCcqsPQ4cf,aishwarya.reddy914@student.edu
S08915,GYh815RERska,arjun.sharma915@student.edu
S08916,i4SLZOcHjMgT,meera.kumar916@student.edu
S08917,nLUMAMW33kwr,pooja.iyer917@student.edu
S08918,dmP6ALPuXdB0,kiran.das918@student.edu
S08920,OsodmnOGtfxH,rohit.pillai920@student.edu
S08921,JNQGEhnH4017,kiran.reddy921@student.edu
S08922,3DUWESkq0fO7,neha.patel922@student.edu
S08923,nG0pp73P4wRL,vishnu.kumar923@student.edu
S08924,8fVsjQSIUV4k,priya.menon924@student.edu
S08925,wskjJPf40oOZ,neha.menon925@student.edu
S08926,cH4jjb9Q3pJF,anjali.pillai926@student.edu
S08927,nDZ90IP6tG9y,kiran.das927@student.edu
S08928,ziDG55h8Lt35,kavya.menon928@student.edu
S08929,lQ6dw5LQdWIv,rohit.gupta929@student.edu
S08930,sfaqqcE5DoAV,kavya.kumar930@student.edu
S08931,HdSO8D9fCMut,priya.reddy931@student.edu
S08932,a1tQOInUpS0U,anjali.kumar932@student.edu
S08933,FYXzgX6uBp26,sanjay.das933@student.edu
S08934,htY4ktuJj7LW,sreya.patel934@student.edu
S08935,DQgQ2Ls9AiAB,priya.iyer935@student.edu
S08936,qFITvJhj2KMh,pooja.menon936@student.edu
S08937,GqHT9Ji9R2RS,vishnu.kumar937@student.edu
S08938,fcvVnxNWsHdy,kavya.iyer938@student.edu
S08939,0YuUGxuoA2L2,aishwarya.pillai939@student.edu
S08940,f3tKuAR24bxq,vishnu.sharma940@student.edu
S08941,8o0jutv81DOb,akhil.nair941@student.edu
S08942,KqjsBqoctuha,arjun.menon942@student.edu
S08943,JCMDxWa605O5,sreya.menon943@student.edu
S08944,tznl1VXmZsHZ,rahul.kumar944@student.edu
S08945,HwNlHH2w17HQ,akhil.patel945@student.edu
S08946,vhGeEnozKCNw,aishwarya.reddy946@student.edu
S08947,9EB3FBRv4EpJ,anand.patel947@student.edu
S08948,13VAyqAUe1U4,anjali.pillai948@student.edu
S08949,LycgjxmxTKAT,anjali.reddy949@student.edu
S08950,XG9SYtqqSEJW,sneha.sharma950@student.edu
S08951,SxfEnWH6DbqW,anjali.iyer951@student.edu
S08952,k0hSrI3wmtJg,pooja.iyer952@student.edu
S08953,KBPNOOkFMdeA,rohit.menon953@student.edu
S08954,ANo0oP5GPCGX,nikhil.gupta954@student.edu
S08955,kcV1NFapTFg3,meera.das955@student.edu
S08956,WE0EEz9Xe7ei,kavya.gupta956@student.edu
S08957,kL6rNP5KFQhC,divya.das957@student.edu
S09958,nne13CqAh2Qr,meera.nair958@student.edu
S08959,VcmagfKEsk7D,sreya.das959@student.edu
S08960,iNxTNn2gpHVw,kavya.nair960@student.edu
S08961,BlJblbEMvbIM,kiran.sharma961@student.edu
S08962,nSp87pM4cAAP,kavya.gupta962@student.edu
S08963,8jNcnSjXBJIx,anjali.gupta963@student.edu
S08964,HO04W8PaNgYC,sanjay.reddy964@student.edu
S08965,cKvenOI42Uft,aishwarya.pillai965@student.edu
S08966,jrkuwOWYVlVx,divya.das966@student.edu
S08967,tSZ0WAG6D6Xt,aditya.gupta967@student.edu
S08968,LGHPHtxeLfdT,anjali.gupta968@student.edu
S08969,TdxEyp32b6fW,priya.sharma969@student.edu
S08970,3HbuwQwxFR8r,aditya.nair970@student.edu
S08971,Lf8QA0Km0C2X,kavya.sharma971@student.edu
S08972,OfqWK9J55v7R,rahul.gupta972@student.edu
S08973,snHyMnxW8Cz4,meera.gupta973@student.edu
S08974,UeUOX4exrVDi,arjun.iyer974@student.edu
S08975,QoNupvLk5bFr,meera.nair975@student.edu
S08976,2mK43fuigj58,anand.patel976@student.edu
S08977,senzAlmUi2T7,rahul.patel977@student.edu
S08978,VVK3XDoLuvrM,neha.menon978@student.edu
S08979,4YYcALWFptyx,anjali.gupta979@student.edu
S08980,SMpYdpLcoVDr,arjun.reddy980@student.edu
S08982,Fo3JcOWVKgV9,pooja.kumar982@student.edu
S08983,6JOekiyAVgGc,sreya.nair983@student.edu
S08984,ZEfNR0G6VfcZ,rahul.kumar984@student.edu
S08985,73CtRUIWFVcp,nikhil.nair985@student.edu
S08987,f2OFkuF4CsYX,vishnu.pillai987@student.edu
S08988,QPrioL2GojIy,akhil.reddy988@student.edu
S08989,9qSRpQgPopXp,anjali.gupta989@student.edu
S08991,bMungUOzUxo0,sneha.patel991@student.edu
S08992,eI5KKDEpahpa,divya.nair992@student.edu
S08993,fONlbA08tmsH,priya.nair993@student.edu
S08994,H1959MAjEf1L,anand.reddy994@student.edu
S08995,uZZ3t1clwryR,divya.kumar995@student.edu
S08996,MD6VBpVAOU56,sanjay.patel996@student.edu
S08997,loOJgcJ2wnMK,pooja.kumar997@student.edu
S08998,HeiEDq7MJldZ,sreya.pillai998@student.edu
S08999,BoILoR2uZkgp,sneha.pillai999@student.edu
S09000,dbFm7Z1Xgx92,arjun.pillai000@student.edu
S09001,2lJyv6UAyiKI,pooja.pillai001@student.edu
S09002,CL7ZQ0uFxfTb,rahul.menon002@student.edu
S09004,BzxE13pBf8xc,aditya.sharma004@student.edu
S09005,f4DVudxqvVUv,aditya.gupta005@student.edu
S09006,kJgNI62Fpry9,sreya.nair006@student.edu
S09007,lUj6rw2EeYRT,nikhil.gupta007@student.edu
S09008,0FYhDkdXSzo0,kiran.sharma008@student.edu
S09009,vc8vwjVZq5s0,vishnu.iyer009@student.edu
S09010,2zyNCRl3qllg,sneha.kumar010@student.edu
S09011,d3AS04kqN6aT,sneha.kumar011@student.edu
S09012,uq8zrZvWRGeY,pooja.nair012@student.edu
S09014,aFFErarJXaD3,vishnu.reddy014@student.edu
S09015,kZf0fKOASwWS,nikhil.kumar015@student.edu
S09016,PjthZiLzFHCv,arjun.nair016@student.edu
S09017,NAJWgZCQFMhq,akhil.patel017@student.edu
S09018,GUTD8TnVyP8a,neha.gupta018@student.edu
S09019,dML6P4HmCDtL,aishwarya.patel019@student.edu
S09020,IoU1A79ln1dy,nikhil.kumar020@student.edu
S09021,2Ic6LAt3f4Om,kiran.reddy021@student.edu
S09022,6NdnogCGxac2,vishnu.sharma022@student.edu
S09023,6Jmoj0bmPzz6,divya.iyer023@student.edu
S09024,uJbSUKQp53Kn,rohit.kumar024@student.edu
S09025,KoREd2WVLr7y,rohit.sharma025@student.edu
S09026,EDfgaGl9Z23M,kavya.iyer026@student.edu
S09027,0vOU9jVQ7bfe,kavya.das027@student.edu
S09028,TzPeKYc37Zp8,kavya.sharma028@student.edu
S09029,dsEw3PdjavVR,anand.kumar029@student.edu
S09030,twyHAJSuryGM,pooja.reddy030@student.edu
S09031,bvnqrDKfmxRT,rahul.reddy031@student.edu
S09032,rszU5zpTqsAD,sanjay.das032@student.edu
S09033,S4xsWxFB1ur4,arjun.patel033@student.edu
S09034,HH0Tmze6EzXy,pooja.patel034@student.edu
S09035,YfkKUUYED8Nz,divya.nair035@student.edu
S09036,Ly1jKmjeIkci,arjun.reddy036@student.edu
S09038,8HeVBJaNSuhB,meera.sharma038@student.edu
S09039,g2jVvIWcKO3p,sanjay.gupta039@student.edu
S09040,hsMusgLPjrkA,anjali.sharma040@student.edu
S09041,o8goal2Y7Z5U,aditya.iyer041@student.edu
S09042,pbAp2cW9aFli,pooja.nair042@student.edu
S09043,YaqEA6LR4EUJ,neha.nair043@student.edu
S09044,bffcvjFo4SZu,vishnu.reddy044@student.edu
S09045,dHlNv9anbQhF,divya.reddy045@student.edu
S09046,Aclx3EiHKiGo,nikhil.sharma046@student.edu
S09047,u1Fc6OMVH9p2,aishwarya.kumar047@student.edu
S09048,JT9ZXpouH4YG,aditya.reddy048@student.edu
S09049,Nm9snsjpX7U7,nikhil.iyer049@student.edu
S09050,151HUuvirOBr,kavya.menon050@student.edu
S09051,nMN0SmSBOtLn,rahul.pillai051@student.edu
S09052,7MaOGQ8WhU7f,priya.pillai052@student.edu
S09053,V8cm6H8JgQ7i,vishnu.reddy053@student.edu
S09055,SrymobW6V5pa,aishwarya.das055@student.edu
S09056,vmWEISaRfFjC,anand.nair056@student.edu
S09057,tQkHIOYUv2nO,sneha.sharma057@student.edu
S09059,0gJu1KtpkQpv,kavya.nair059@student.edu
S09060,iUQthLtA4oVc,sneha.nair060@student.edu
S09061,vMg0kBmAl76x,kiran.patel061@student.edu
S09062,IkpSX7QNCdRo,sneha.reddy062@student.edu
S09063,kdsWTZxf3puD,sreya.menon063@student.edu
S09064,gUTc8jBROmGm,kavya.nair064@student.edu
S09065,c87RMYxMt27A,nikhil.das065@student.edu
S09066,JoJRWSSsr9Uy,aditya.menon066@student.edu
S09067,IuENqcxRHOTu,anjali.iyer067@student.edu
S09068,4MHbFlBSi0Ld,anand.gupta068@student.edu
S09069,2jrrgiN6bzza,anand.pillai069@student.edu
S09070,Jn6nwMBmtfgb,pooja.iyer070@student.edu
S09071,BO8xhCTur4PA,meera.pillai071@student.edu
S09072,2SmkloU0Qc32,arjun.pillai072@student.edu
S09073,8nyTmQZCVoYq,anand.nair073@student.edu
S09074,fAzBFxEH8IRd,rahul.pillai074@student.edu
S09075,BcCm8kYMXHzP,anand.iyer075@student.edu
S09076,T9QuqEWq6R7q,arjun.sharma076@student.edu
S09077,DYowjCd7UZF7,sanjay.pillai077@student.edu
S09078,5UTXDecVSAot,arjun.menon078@student.edu
S09079,x4r6mjxZAaSF,priya.patel079@student.edu
S09080,hliJ0fJiRw6P,pooja.das080@student.edu
S09081,d4vYGWlrFYk6,anand.reddy081@student.edu
S09082,51dVTtjHzSrW,anjali.sharma082@student.edu
S09083,KRSbCyfJNM62,aishwarya.patel083@student.edu
S09084,ldCoFE2zrZQh,kavya.nair084@student.edu
S09085,4aKZOBzhTE5C,nikhil.pillai085@student.edu
S09086,sEsL8UkUO3ci,priya.sharma086@student.edu
S09087,NRXV867qSFZe,aishwarya.sharma087@student.edu
S09088,cftweJfRO7jr,kavya.sharma088@student.edu
S09089,sXNgL1PKmu5E,neha.das089@student.edu
S09090,s8ikHbo3EeGe,anand.das090@student.edu
S09091,MMbuxlbS0CVj,kavya.menon091@student.edu
S09092,J9uCe7TU0Ihk,kiran.iyer092@student.edu
S09093,kbWKNLpjxmBq,divya.reddy093@student.edu
S09094,0yBCO5nTPCsg,divya.iyer094@student.edu
S09095,t8Kt9guEIYNF,anand.sharma095@student.edu
S09096,Cfko3Xii2BTF,sreya.sharma096@student.edu
S09097,WY93JDZKwLq1,aditya.pillai097@student.edu
S09098,54hkrgGkt53v,pooja.menon098@student.edu
S09099,d3UtoqZ3EliU,sanjay.sharma099@student.edu
S09100,WOM1nqxEMteM,kiran.nair100@student.edu
S09101,75U0g0im1u5I,kiran.nair101@student.edu
S09102,XnDtCu1kDKIT,pooja.nair102@student.edu
S09103,EMRX8XksZ0co,nikhil.kumar103@student.edu
S09104,UuqpCnrVE5fe,rohit.menon104@student.edu
S09105,D72tkZojtmCj,kiran.patel105@student.edu
S09106,FDW6aucTgO2R,nikhil.sharma106@student.edu
S09107,UduUXqms9YRN,arjun.gupta107@student.edu
S09108,qsACGc5mq3uE,sreya.nair108@student.edu
S09109,jTXr4fedkmm6,anand.nair109@student.edu
S09111,zoSOmeNNQLxh,nikhil.gupta111@student.edu
S09112,6kDtcuHpP9pk,aishwarya.gupta112@student.edu
S09113,5nCwG5IHGYTk,anand.gupta113@student.edu
S09114,TXKyKJM0HjRZ,akhil.patel114@student.edu
S09115,nF65j3HxncuW,sreya.patel115@student.edu
S09116,Am1TqJF6E5ZW,neha.patel116@student.edu
S09117,oqw4Zf8PTdNW,priya.reddy117@student.edu
S09118,iFj83KTZVDp9,sneha.pillai118@student.edu
S09119,iN5DtRn7Htu7,vishnu.menon119@student.edu
S09120,NRraieN36NVl,sneha.das120@student.edu
S09121,2LyTdmmdMmCZ,kiran.das121@student.edu
S09122,qhHGCEpnssOb,sanjay.pillai122@student.edu
S09123,nXLBrPGcfski,divya.kumar123@student.edu
S09124,0My8wuvphZSz,kiran.patel124@student.edu
S09125,GJ7L2m5tuJpw,kavya.das125@student.edu
S09126,MQBe5WiKUc2y,sneha.menon126@student.edu
S09127,MDNKlUOcj6xK,priya.menon127@student.edu
S09128,iOzOUl0kXfbS,sneha.das128@student.edu
S09129,LOUv93bSfMVD,kiran.kumar129@student.edu
S09130,p7i6DavBKxuU,rahul.pillai130@student.edu
S09131,QwFnE0F0O2ch,arjun.menon131@student.edu
S09133,aA3yE6pjHyRG,divya.reddy133@student.edu
S09134,y04RLUdNI5PX,priya.nair134@student.edu
S09135,JX0vO0ex6mIQ,rohit.gupta135@student.edu
S09137,jpQConfGgIwh,anjali.menon137@student.edu
S09138,jcvNt37Zwosj,priya.sharma138@student.edu
S09139,uhWivuWOYmOa,arjun.das139@student.edu
S09140,hnEoYeHDCVUG,arjun.gupta140@student.edu
S09141,ypDdKwUXxQWq,anand.pillai141@student.edu
S09142,MV6iQiGqWTPI,nikhil.reddy142@student.edu
S09143,2NbDf7SMCS4g,nikhil.menon143@student.edu
S09144,bSX9OkoFFDtp,akhil.menon144@student.edu
S09145,XuXaidpbnU0Z,priya.menon145@student.edu
S09146,mK1DPGcIdfuY,kiran.iyer146@student.edu
S09147,7R7Yd3z74fnl,rahul.menon147@student.edu
S09148,cnV8c2THbQme,arjun.nair148@student.edu
S09149,tWLLAA82tHPh,kiran.kumar149@student.edu
S09150,XYxWhVvUXai2,sanjay.patel150@student.edu
S09151,6Bj1NPtGbq3B,sneha.gupta151@student.edu
S09152,a9xIfFbCEnHg,aditya.pillai152@student.edu
S09153,YhV3I0dOXMI4,meera.pillai153@student.edu
S09154,aOhcZ8wz0yoC,neha.patel154@student.edu
S09155,RaLY0mA2EPZh,kiran.pillai155@student.edu
S09156,yj9C8qsvX3jt,sneha.nair156@student.edu
S09157,Sd47wSJ8CESN,vishnu.sharma157@student.edu
S09158,hFCHxD6ixJsD,akhil.sharma158@student.edu
S09159,3jBGgFEvQAvx,divya.iyer159@student.edu
S09160,yfriu4GUAYb4,arjun.sharma160@student.edu
S09161,4xIKoAAYuuO0,pooja.iyer161@student.edu
S09162,rEHJkBQlYjXG,divya.gupta162@student.edu
S09163,yknt2KwTm1Iv,anjali.sharma163@student.edu
S09164,VXkvsiyhxp33,anand.gupta164@student.edu
S09165,7oEEsVOwNAfe,aishwarya.pillai165@student.edu
S09166,neVs2XCrE6dJ,meera.das166@student.edu
S09167,ygXuX1vHgHbF,anjali.patel167@student.edu
S09168,ZWMVkDTYSeCf,arjun.das168@student.edu
S09169,Mvz4khST6AY8,vishnu.reddy169@student.edu
S09170,qMwzG7XKyHjS,sreya.gupta170@student.edu
S09171,UEBRWKAAHUN9,vishnu.kumar171@student.edu
S09172,KjrRfMcswDh3,aishwarya.patel172@student.edu
S09173,8JVRqUhsPqKx,akhil.sharma173@student.edu
S09174,6HJyeeN2gw4N,sanjay.pillai174@student.edu
S09175,0QOiVKD8MomU,sanjay.iyer175@student.edu
S09176,umrjZq2SWkas,anjali.reddy176@student.edu
S09177,jaCjf95m3DRE,priya.nair177@student.edu
S09178,vLRBdGB2xYLb,priya.kumar178@student.edu
S09179,hK4jgsjOO8lG,akhil.sharma179@student.edu
S09180,0jX8GnIb39yC,divya.nair180@student.edu
S09181,Gt5I71MlmBRK,divya.pillai181@student.edu
S09182,H5EIshiTHX3o,divya.sharma182@student.edu
S09183,niOy8hI9b6ch,anjali.gupta183@student.edu
S09184,RdSPY5DCdG1m,akhil.das184@student.edu
S09185,LQ4TCKCj8XjB,sanjay.menon185@student.edu
S09186,6UDI8RQUX0oj,sanjay.pillai186@student.edu
S09187,qRCo9xW8ccaq,nikhil.menon187@student.edu
S09188,KMpkquRiqjde,anjali.reddy188@student.edu
S09189,bMW9nDqcY76f,priya.menon189@student.edu
S09190,lYKKta8cttQH,kavya.menon190@student.edu
S09191,VW9VK1dyMns9,rahul.menon191@student.edu
S09192,GnjX7Q9q7Nf6,neha.sharma192@student.edu
S09193,XHrtp5MRluzI,anjali.das193@student.edu
S09194,0otDtzRvQzje,kiran.pillai194@student.edu
S09195,4Pd6otQct2MY,priya.iyer195@student.edu
S09196,9NLK53z7tUfV,kiran.iyer196@student.edu
S09197,5Bii9rMrNqkQ,vishnu.kumar197@student.edu
S09198,vNWuORLswTFe,anand.pillai198@student.edu
S09199,watJJhw2tL3h,rohit.das199@student.edu
S09200,rG1zijm3ygLy,rohit.sharma200@student.edu
S09201,aov5NPiwxkKu,kavya.sharma201@student.edu
S09202,xaafrjOBhMeU,rahul.kumar202@student.edu
S09203,7dZmy3ctglLx,arjun.das203@student.edu
S09204,I0rmchzepbgt,aishwarya.sharma204@student.edu
S09205,4fskwJZ8WEko,meera.patel205@student.edu
S09206,jQiN6yYqHGga,sanjay.kumar206@student.edu
S09207,gzrdIJF9hH7j,aishwarya.menon207@student.edu
S09208,MWLOYOuFULo5,anjali.patel208@student.edu
S09209,1P8SrIJmY5JM,rohit.iyer209@student.edu
S09210,kC4NwfdLdle1,neha.menon210@student.edu
S09211,pO03RetrXAiO,vishnu.sharma211@student.edu
S09212,2pejYeNl6byy,sanjay.iyer212@student.edu
S09214,q3qj2tCjLqKN,divya.patel214@student.edu
S09215,yHnq6k6tlXRS,kiran.sharma215@student.edu
S09216,hLpXjGVXkkFw,arjun.sharma216@student.edu
S09217,CFJg8BKiKgB9,akhil.kumar217@student.edu
S09218,L2a1D60YizYv,anand.iyer218@student.edu
S09219,WPz6IuUwDgrx,kiran.gupta219@student.edu
S09220,l176s3R8nM2h,sreya.kumar220@student.edu
S09221,66z1mvEiQ8iz,divya.iyer221@student.edu
S09222,ZyO8ValLUscp,priya.reddy222@student.edu
S09223,v5U17EETdT3u,kiran.menon223@student.edu
S09224,aDbfJSYQaBoX,nikhil.patel224@student.edu
S09225,lQhSQU4Kyck9,neha.iyer225@student.edu
S09226,L7lsC4JsLNmG,kiran.gupta226@student.edu
S09227,ceqq1dSsB7wU,rahul.pillai227@student.edu
S09228,tWLfJqtxHEHl,meera.das228@student.edu
S09229,U2Kqz6i56HEl,rahul.gupta229@student.edu
S09230,n7vYJt4nkv3Z,sneha.gupta230@student.edu
S09231,9cnUMjj9uuJW,aditya.nair231@student.edu
S09232,1wgedgDA7DN5,anjali.reddy232@student.edu
S09233,sn1ijTMWZ1PS,akhil.iyer233@student.edu
S09234,7kJNalJ1wLWw,nikhil.pillai234@student.edu
S09235,sda8KvGYZC1c,meera.sharma235@student.edu
S09236,Znpkl3uf5CT9,kiran.kumar236@student.edu
S09237,MnsX1JG3vwXi,akhil.pillai237@student.edu
S09238,zhFZqh7O2A6h,arjun.patel238@student.edu
S09239,KRHwtiQx0XTY,priya.gupta239@student.edu
S09240,ouz6piDcSSq0,anjali.reddy240@student.edu
S09241,WL2uKRK3dkxi,priya.das241@student.edu
S09242,e7WdhpWT5LFg,nikhil.sharma242@student.edu
S09243,l5HDSc10d8dA,meera.das243@student.edu
S09244,0L0r3bxYqKhT,vishnu.pillai244@student.edu
S09245,LIPkFAoVLOXU,nikhil.das245@student.edu
S09246,659ONze2Lq1n,meera.gupta246@student.edu
S09247,5ikqnYkIkm28,vishnu.gupta247@student.edu
S09248,kZtVYfOOy0la,priya.iyer248@student.edu
S09249,Ho56uqRHOwsK,sanjay.nair249@student.edu
S09250,ZssrjKCQihlj,sanjay.gupta250@student.edu
S09251,cNrytUFcE7fQ,arjun.sharma251@student.edu
S09252,yYLGGWZEwWJG,anand.nair252@student.edu
S09253,OXZRzUHkodff,meera.gupta253@student.edu
S09254,2vBS2ZGgvZps,rahul.nair254@student.edu
S09255,UR9eEeRmwnz6,sreya.reddy255@student.edu
S09256,NNzuIssS5sNC,vishnu.iyer256@student.edu
S09257,W5DUt4S4mBp2,neha.iyer257@student.edu
S09258,Ih8a7HtgWfUf,aditya.reddy258@student.edu
S09259,4XAPCCJC29yx,pooja.pillai259@student.edu
S09260,atT0BGGgnESq,sreya.reddy260@student.edu
S09261,JRJ66XzALzxc,anjali.das261@student.edu
S09262,8PzQuwRRMS5L,kavya.sharma262@student.edu
S09263,Qfpi6WoVFERT,arjun.reddy263@student.edu
S09264,9VkIHsmDQAwH,akhil.pillai264@student.edu
S09265,NslmJQ4gkQz7,sneha.pillai265@student.edu
S09266,jMwHwj2pzClX,vishnu.das266@student.edu
S09267,TSg3j1lO60Ur,pooja.pillai267@student.edu
S09268,92IF2n2q3Dkp,divya.sharma268@student.edu
S09269,5qEsm4OzOLJ4,aishwarya.patel269@student.edu
S09270,IomebUGVn6GC,anand.menon270@student.edu
S09271,TlW91PwJRkkY,akhil.kumar271@student.edu
S09272,AXogllBkOBAb,anjali.das272@student.edu
S09274,IGC8JjwX5nH4,sneha.reddy274@student.edu
S09275,s9SIlzrDbPe7,priya.gupta275@student.edu
S09276,6AeiaSKv5QMi,anjali.kumar276@student.edu
S09277,Cuoi0zQPvcXy,aditya.pillai277@student.edu
S09278,0zUcd9ONvVus,rohit.reddy278@student.edu
S09279,rH4MBV95bXMr,sreya.gupta279@student.edu
S09280,H1COXD1FWZCZ,aishwarya.reddy280@student.edu
S09281,7uLPoPVyNaWm,anand.nair281@student.edu
S09282,epYaFyjE8df8,rohit.patel282@student.edu
S09283,7EMhOZUzLaXJ,sanjay.reddy283@student.edu
S09284,rQ3EGmqANqO7,akhil.menon284@student.edu
S09285,tORxgrqBP8Gi,meera.sharma285@student.edu
S09286,7u0eNjXffC7Z,sneha.sharma286@student.edu
S09287,s8s4E3vweyNW,meera.das287@student.edu
S09288,RLCCZZHDjq8W,rohit.nair288@student.edu
S09289,B3TdjjwDeMq0,akhil.pillai289@student.edu
S09290,QoPZe1Hufevy,rahul.menon290@student.edu
S09291,09EBNOQiBS52,neha.gupta291@student.edu
S09292,0lDZEFDw7F6Q,sanjay.das292@student.edu
S09293,RL38wfUS8Tht,priya.pillai293@student.edu
S09294,WtKCD7EkLAXu,vishnu.reddy294@student.edu
S09295,FIJ1CISSgsGV,sreya.menon295@student.edu
S09296,mHjWLhSKQWnO,sanjay.reddy296@student.edu
S09297,F5xNpZj1FFwq,rohit.patel297@student.edu
S09298,qoKlNEcRuXED,meera.iyer298@student.edu
S09299,qpFMybvhmLJ8,anand.iyer299@student.edu
S09301,6f1Kt87hGYVU,rahul.menon301@student.edu
S09302,OZztoISJkLOr,meera.das302@student.edu
S09303,YwqSUbc0emG4,aditya.patel303@student.edu
S09304,ZCp8xBBAwHT1,nikhil.patel304@student.edu
S09305,UFFT2EUVRL38,priya.reddy305@student.edu
S09306,UXgzRNmoZbQ5,sanjay.reddy306@student.edu
S09307,jmmoTvtFdiib,neha.das307@student.edu
S09308,EuRTf5slbkuq,nikhil.sharma308@student.edu
S09309,p8iExdppgL0n,divya.kumar309@student.edu
S09310,7u3bqTPMZ7AR,anjali.pillai310@student.edu
S09311,ZK1U04Dsique,kavya.sharma311@student.edu
S09312,y6GrXd5vdwFZ,akhil.das312@student.edu
S09313,xnjYsEQfjael,rohit.iyer313@student.edu
S09315,jdiWFRmqU1fD,rahul.sharma315@student.edu
S09316,DmaIxysMKR1H,kiran.iyer316@student.edu
S09317,uYNwaxWYdBIr,arjun.pillai317@student.edu
S09318,Z0yu8CYPeGwz,akhil.patel318@student.edu
S09319,YxJQrW9fprXT,aishwarya.sharma319@student.edu
S09320,HYK3JpxGfDZ0,divya.das320@student.edu
S09321,nzBBoLaaeMeE,aishwarya.sharma321@student.edu
S09322,tifRPvxJNySt,anjali.iyer322@student.edu
S09323,MdiTvKm7L43J,anjali.kumar323@student.edu
S09324,CdQmIDfrrpiE,rahul.gupta324@student.edu
S09325,CIQoprcEK7kK,vishnu.das325@student.edu
S09326,Lkm4VYmc5U9j,vishnu.menon326@student.edu
S09327,WjoZa6mJ0kOU,pooja.gupta327@student.edu
S09328,MdWrfk1y7U8U,priya.pillai328@student.edu
S09329,61m4hxElqF9v,anand.das329@student.edu
S09330,ur16kO3KyMoO,neha.reddy330@student.edu
S09331,XcF8hj5SZmGH,anand.iyer331@student.edu
S09332,qw8LmZMzvlyo,kavya.iyer332@student.edu
S09333,LQeUWoHO6WqC,rahul.iyer333@student.edu
S09334,WhcovR3MehQu,rahul.patel334@student.edu
S09335,PYQ4YqeXf95u,nikhil.menon335@student.edu
S09337,KKYZntb8OH37,sneha.pillai337@student.edu
S09338,CKZ0DPypjB4A,meera.kumar338@student.edu
S09339,CBGMa2IO9r81,anand.das339@student.edu
S09340,zkc6zjsFexT3,sanjay.patel340@student.edu
S09341,JDzOR5HEauYa,meera.nair341@student.edu
S09342,D4eief1ijBvH,neha.iyer342@student.edu
S09343,yesWwHdE0FGk,rahul.menon343@student.edu
S09344,bSrAdrQEM8S9,neha.kumar344@student.edu
S09345,7SwSVC4LXz1S,nikhil.iyer345@student.edu
S09346,vNDCMvimIoL7,anand.gupta346@student.edu
S09347,6l1zeohUObiG,rohit.kumar347@student.edu
S09348,Usj0gJe3aAl8,kiran.menon348@student.edu
S09349,1p5bwbG6riNP,kiran.gupta349@student.edu
S09350,yjX67HTyiHxk,kiran.reddy350@student.edu
S09351,lcXiU195A5bW,kavya.iyer351@student.edu
S09352,p5Hvo9AhRjuv,kavya.reddy352@student.edu
S09353,kETpCxgEcutr,sneha.nair353@student.edu
S09354,Ph3hNuDRvka6,sneha.gupta354@student.edu
S09355,9P6hXMWNHqry,pooja.sharma355@student.edu
S09356,aVkznVYiMdU5,kavya.das356@student.edu
S09357,Vrvu2FzpOLbK,rohit.sharma357@student.edu
S09358,EWdMoFmBs3Fw,arjun.reddy358@student.edu
S09359,dcTnXUSBQXOm,kiran.reddy359@student.edu
S09360,VUnYvRsN4EJQ,anjali.menon360@student.edu
S09361,d3nSeF3n4Fe7,neha.pillai361@student.edu
S09362,JNl9Msbb8TIm,neha.gupta362@student.edu
S09363,Hg4SCIlngMJo,kiran.kumar363@student.edu
S09364,0tMD9TFHIy3X,divya.sharma364@student.edu
S09365,S3imnMdylskc,sanjay.sharma365@student.edu
S09366,f8MX4X50Pjv1,nikhil.reddy366@student.edu
S09367,hEBrprsNF0U8,meera.reddy367@student.edu
S09368,Ub3uJl8Dtif8,sreya.patel368@student.edu
S09369,4V2LWNcsWfyX,aditya.nair369@student.edu
S09370,WbNtgxeT2own,sanjay.kumar370@student.edu
S09371,CltyHxJyq993,divya.iyer371@student.edu
S09372,WhTVmFJ1D8Fx,divya.das372@student.edu
S09373,7vH5NxnMiyaD,arjun.pillai373@student.edu
S09375,n4xdQOXCxsnE,divya.reddy375@student.edu
S09376,0bZP0xyalFAr,vishnu.gupta376@student.edu
S09377,rvX08lLegyBC,sneha.reddy377@student.edu
S09378,gd8A9cN22ZmW,pooja.das378@student.edu
S09380,w5dUfswaRhQQ,divya.iyer380@student.edu
S09381,ykyVV2QmtW1u,rohit.iyer381@student.edu
S09382,ZFC7CWin8n24,priya.kumar382@student.edu
S09383,RKC8IzKgsmdO,sneha.nair383@student.edu
S09384,wcdcVvaMEcIv,arjun.kumar384@student.edu
S09385,HnIeKq2NLqr3,sanjay.gupta385@student.edu
S09386,lq1ijKaCqCnK,kiran.patel386@student.edu
S09387,Yi1DCOqd00KO,pooja.iyer387@student.edu
S09389,0yX7sgjb2s2P,neha.kumar389@student.edu
S09390,jzipjRhvfhsz,sneha.sharma390@student.edu
S09391,WNEjPxYT8JMg,rahul.menon391@student.edu
S09392,dbwbKqAE84yZ,rohit.nair392@student.edu
S09393,mencssvWWRIc,akhil.pillai393@student.edu
S09394,HOdAr2CwecgQ,rahul.patel394@student.edu
S09395,AmkR6tBCslYE,rahul.pillai395@student.edu
S09396,GzJJMEjX1RgX,sanjay.pillai396@student.edu
S09397,fVS1dI3IeSqU,arjun.das397@student.edu
S09398,d1imG9V817HX,vishnu.das398@student.edu
S09399,oXrMpLRHVfqK,aditya.sharma399@student.edu
S09400,anMLhyFrB63p,divya.menon400@student.edu
S09401,A30gxNPeM1FS,pooja.reddy401@student.edu
S09402,ph5FzdENxeNs,akhil.iyer402@student.edu
S09403,H3doiJz1iDvw,sneha.kumar403@student.edu
S09404,V4t43tvmLZT7,nikhil.reddy404@student.edu
S09405,VDRIiPZglDYc,rahul.nair405@student.edu
S09406,7LCkUft8JnRK,aditya.reddy406@student.edu
S09407,leAgfKwFaVX3,kiran.nair407@student.edu
S09408,hS9vOAIDNBs7,aditya.nair408@student.edu
S09409,nfwIxtOLRIhj,kavya.gupta409@student.edu
S09410,0Cqgwf6qDAma,anand.kumar410@student.edu
S09412,4Eo2hpw1ir0G,meera.sharma412@student.edu
S09413,nOpWCG0xmWfT,aishwarya.nair413@student.edu
S09414,Nx107gNzxESn,sneha.nair414@student.edu
S09415,qL4yyXlkklan,rahul.das415@student.edu
S09416,HRQT8Z5HLqDy,meera.patel416@student.edu
S09417,49yNiN7pmfSr,neha.gupta417@student.edu
S09418,Yje0npP0anbs,meera.kumar418@student.edu
S09419,vSVvABucuqJ5,kiran.reddy419@student.edu
S09420,MkQZxJFw3igx,rohit.menon420@student.edu
S09421,nOBj4mRPCgMv,neha.das421@student.edu
S09422,Z6QhnZWiXRSX,sreya.iyer422@student.edu
S09423,99KGAfvaZMVe,kavya.pillai423@student.edu
S09424,zfgDfdf8xl7S,aditya.menon424@student.edu
S09425,NJw6NYKwS45W,rohit.kumar425@student.edu
S09426,YD3b50Y1eIbF,priya.iyer426@student.edu
S09427,ZwRYgUaimCsG,kiran.iyer427@student.edu
S09428,5c7A3uzqbKs7,sanjay.gupta428@student.edu
S09429,gwiOLzbpzMkS,nikhil.menon429@student.edu
S09430,QygYdOEhvbil,aditya.pillai430@student.edu
S09431,SGwwSYRhzRqs,sanjay.pillai431@student.edu
S09432,2OTlv8HAyyNz,divya.gupta432@student.edu
S09433,mj061k8P1bLI,anand.nair433@student.edu
S09434,EYn26PrSYPXw,sanjay.gupta434@student.edu
S09435,QUwEsx9OM2mk,kavya.iyer435@student.edu
S09436,iV4FIz74FLql,pooja.patel436@student.edu
S09437,9BQzoAy5l7sa,sreya.kumar437@student.edu
S09438,AW73bpxoAFYm,sanjay.patel438@student.edu
S09439,6MeCvJRXApQx,sanjay.sharma439@student.edu
S09440,mZt8hjmmyjRV,priya.das440@student.edu
S09441,kx34Vg35SpjJ,priya.das441@student.edu
S09442,BTzWgj52phwW,kiran.patel442@student.edu
S09443,gcSwrp9YuBQZ,nikhil.menon443@student.edu
S09444,2m1sL3LtFjKQ,nikhil.iyer444@student.edu
S09445,n7NIafv0ASUZ,vishnu.das445@student.edu
S09446,6ABFX9vVy3pV,neha.menon446@student.edu
S09447,IS90OA18cvz0,aishwarya.menon447@student.edu
S09449,wnbc6qOrdsfe,nikhil.reddy449@student.edu
S09450,k6ve7Kee8cAu,sreya.kumar450@student.edu
S09451,scBCnX4aEv7O,pooja.patel451@student.edu
S09452,HPDBDBvWmRtb,arjun.nair452@student.edu
S09453,0xRSQZt1n4sF,pooja.iyer453@student.edu
S09454,rlBVMNL76MRK,vishnu.gupta454@student.edu
S09455,SVXS1Pg43G0j,vishnu.patel455@student.edu
S09456,XZQNccJbSaiK,kiran.menon456@student.edu
S09457,kxeZuRFRpGzK,akhil.reddy457@student.edu
S09458,usBHYwjFSKRK,akhil.menon458@student.edu
S09459,UNZs9gGI4uSE,akhil.nair459@student.edu
S09460,vpG8F64G58Xb,sreya.iyer460@student.edu
S09461,65imXmDL7BsJ,sneha.gupta461@student.edu
S09462,aLAuXBjSJGlN,anjali.menon462@student.edu
S09463,i7qfsyUIVd7H,sneha.iyer463@student.edu
S09464,6zvEEaZK19fF,aditya.gupta464@student.edu
S09465,UaLtR1PjayOx,neha.iyer465@student.edu
S09466,ZtKeEonSDalg,akhil.patel466@student.edu
S09467,eRXCTZgzKjlC,kiran.das467@student.edu
S09468,7MqhK1U7CObF,arjun.sharma468@student.edu
S09469,GvUBiLvcAeb8,divya.nair469@student.edu
S09470,cePlZT5GmNu0,anand.menon470@student.edu
S09471,MlQaS1QtaLBN,sanjay.kumar471@student.edu
S09472,7Q60Kf6T1JnG,kiran.pillai472@student.edu
S09473,VnApAxevC6nv,arjun.iyer473@student.edu
S09474,dtC3ZWcfxkof,priya.patel474@student.edu
S09475,vklzXXVV9UvM,vishnu.reddy475@student.edu
S09476,WpKtxRMWOCsX,pooja.reddy476@student.edu
S09477,R8j5Hlhlbht1,akhil.iyer477@student.edu
S09478,y9dy7xBxkYca,akhil.das478@student.edu
S09479,ImxnqiYSygLg,akhil.nair479@student.edu
S09480,4fsnfyIdvDRd,sreya.sharma480@student.edu
S09481,MUaLepnLiErr,sreya.gupta481@student.edu
S09482,XKK9hov2HYi2,nikhil.gupta482@student.edu
S09483,7GvO2W9LBkfd,anjali.gupta483@student.edu
S09484,Hf9zjXo0VGkw,neha.reddy484@student.edu
S09486,xKJelLQtlyMx,sreya.kumar486@student.edu
S09487,vkenMuM6z7Jz,vishnu.gupta487@student.edu
S09488,iR2kHJs7Yttr,priya.kumar488@student.edu
S09489,Mpw9YGiSRR4R,kavya.reddy489@student.edu
S09490,pv2iJXJWiWlR,rahul.reddy490@student.edu
S09491,wtYsFLm8vrBk,sreya.pillai491@student.edu
S09492,drHs1wsDgrbH,anand.kumar492@student.edu
S09493,SPeZ1BxEeM4N,rohit.iyer493@student.edu
S09494,jUSLrXSmhMm9,nikhil.kumar494@student.edu
S09495,R8s7ITXlc1E5,divya.iyer495@student.edu
S09496,74O0nlQPveZs,arjun.reddy496@student.edu
S09497,leSVKkZ1gwSW,aditya.das497@student.edu
S09498,dr3IuXaUmC0n,vishnu.menon498@student.edu
S09499,rV4qKgoaiqrO,sneha.gupta499@student.edu
S09500,2MH3BjJ8AcQD,akhil.reddy500@student.edu
S09501,AVfnD2EaRCPs,sanjay.iyer501@student.edu
S09502,EdWrHWDXqOPJ,rahul.patel502@student.edu
S09503,07MRWXl5h7HQ,nikhil.pillai503@student.edu
S09504,ETE8MPZx9ufk,vishnu.iyer504@student.edu
S09505,MgcscroE6xMO,aishwarya.nair505@student.edu
S09506,oPYJiCVLqGkk,vishnu.iyer506@student.edu
S09507,bNhYND9tHGJK,pooja.nair507@student.edu
S09508,ojKGnKA85uqv,divya.patel508@student.edu
S09509,hnHkNjmvGdfT,sneha.patel509@student.edu
S09510,YRqoUemNayW5,neha.pillai510@student.edu
S09511,9udGT5Z1k5Jm,nikhil.patel511@student.edu
S09512,I9IOlqGoz3Ig,anjali.pillai512@student.edu
S09513,u5xMO5Dbn4YS,arjun.patel513@student.edu
S09514,4o2OsqVCrnua,anjali.patel514@student.edu
S09515,KbvWEwgzvOD6,pooja.pillai515@student.edu
S09516,SMVBGNQURYPV,anjali.nair516@student.edu
S09517,ipGysPBAeSAv,anjali.nair517@student.edu
S09518,rk2EM6VFxvql,anand.das518@student.edu
S09519,q7cdsl3MZJW9,sneha.pillai519@student.edu
S09520,F4jRAMWpJZJ4,anjali.patel520@student.edu
S09521,F6pv4Tb4T61v,anjali.gupta521@student.edu
S09522,rhB1wcfe2uXI,pooja.sharma522@student.edu
S09524,On6UPHn8IqBU,akhil.sharma524@student.edu
S09525,cCm3bexryENy,aditya.kumar525@student.edu
S09526,n96OgKAkxxPv,arjun.kumar526@student.edu
S09527,R2jo98Eb239b,akhil.gupta527@student.edu
S09528,dbuJf1EagpJz,sanjay.patel528@student.edu
S09529,MBjBsswfDXcQ,sneha.das529@student.edu
S09530,3LfmElbjcHAK,vishnu.patel530@student.edu
S09531,AGDpGnaYbzVs,rohit.nair531@student.edu
S09532,9OjemJESIT6Z,nikhil.menon532@student.edu
S09533,iGWZfjzhkXOB,sanjay.nair533@student.edu
S09534,boRjqZxcTJfB,vishnu.patel534@student.edu
S09535,HFfGcMsO2bU1,kavya.sharma535@student.edu
S09536,GJfaeSEr80qX,vishnu.reddy536@student.edu
S09537,i0UUGpUNjRGq,aditya.pillai537@student.edu
S09538,BHQJgp9zxhiX,rohit.menon538@student.edu
S09539,F2YiF1pdHdsV,aditya.kumar539@student.edu
S09540,kEfP6UpeICVb,sneha.gupta540@student.edu
S09541,wj4Her405NW8,rahul.kumar541@student.edu
S09542,IHnvf2BiIEtc,kavya.reddy542@student.edu
S09543,HWiAMs6YITn5,rahul.pillai543@student.edu
S09544,PBaQbnmv2K0w,kiran.patel544@student.edu
S09545,kD1lYWKxPQeq,anand.das545@student.edu
S09546,chJ8Sb68BUQo,kavya.gupta546@student.edu
S09547,rUs9MNKGlnvb,sanjay.das547@student.edu
S09548,QLJo99sQ8IUw,aishwarya.gupta548@student.edu
S09549,GEfDeTIQOFbb,sreya.das549@student.edu
S09550,ukePNVmRJDle,kavya.patel550@student.edu
S09551,T2gXvcxuPq9G,akhil.gupta551@student.edu
S09552,pdFjTK8r0bZy,vishnu.das552@student.edu
S09553,Xi0o7qVcHWLp,rahul.nair553@student.edu
S09554,O18GY21jx79P,akhil.das554@student.edu
S09555,2euSnaXgCeVy,sneha.gupta555@student.edu
S09556,msGdG8Uj0z4J,akhil.reddy556@student.edu
S09557,bFPHa22or7FY,anjali.gupta557@student.edu
S09558,5jNSQj2LqUhg,meera.menon558@student.edu
S09559,kWCL9YeUYpBj,divya.patel559@student.edu
S09561,Nc9LdUNAkGT0,aditya.menon561@student.edu
S09562,pH4p92daV0Ud,aditya.das562@student.edu
S09563,w7xx9gKCaeNV,priya.patel563@student.edu
S09564,fdXyymH3QHat,sreya.patel564@student.edu
S09565,vcWoYMZlj7QJ,vishnu.kumar565@student.edu
S09566,sDdzjdl3Gp3P,sreya.pillai566@student.edu
S09567,Po6sGzJZwftQ,arjun.iyer567@student.edu
S09568,td8YoyPTV5r1,anjali.nair568@student.edu
S09569,gaw0IbNo8gqw,sneha.das569@student.edu
S09570,XtRhMcs4kejo,arjun.gupta570@student.edu
S09571,DlnhO5tq38AU,divya.iyer571@student.edu
S09572,v5yqG840Wsm1,sreya.pillai572@student.edu
S09573,XxVW1SuHs3rq,akhil.nair573@student.edu
S09574,b9gGVOaiEDvY,arjun.sharma574@student.edu
S09575,igGJ6Lj1Ts0p,kiran.pillai575@student.edu
S09576,cRzhxC4hIFiP,arjun.kumar576@student.edu
S09577,c4FWeGCJYN7Q,rahul.sharma577@student.edu
S09578,9xulJYdIxr8Y,meera.reddy578@student.edu
S09579,jkSa89dbVxqA,arjun.reddy579@student.edu
S09580,JY2PPuQyuAUi,arjun.das580@student.edu
S09581,WLf8Tw38mJBO,sreya.iyer581@student.edu
S09582,vk5kTSA8LwhO,arjun.pillai582@student.edu
S09583,05PHdz9UBm2h,anand.kumar583@student.edu
S09584,CPABc4YuSOTX,rohit.pillai584@student.edu
S09585,dBu6bQIjCcRo,meera.nair585@student.edu
S09586,YS10lXUpWXRy,sreya.patel586@student.edu
S09587,ny2W6bKUW6fs,sreya.pillai587@student.edu
S09589,4pvBIME3lHt9,aditya.sharma589@student.edu
S09590,j60hLrtrA0Rc,rahul.gupta590@student.edu
S09591,2O6UuftRCVi1,vishnu.pillai591@student.edu
S09592,OCOejzvFTXJV,kiran.nair592@student.edu
S09593,rgsGL1dPF6ZV,sanjay.sharma593@student.edu
S09594,1L9TyuIJKdUZ,aishwarya.das594@student.edu
S09596,TixW7PIYmtAe,sanjay.nair596@student.edu
S09597,PNaJjHkjpdxZ,kiran.gupta597@student.edu
S09598,qzv5nClOisFU,sanjay.patel598@student.edu
S09599,ihF0k9wfUTYJ,pooja.das599@student.edu
S09600,UBQSOJsfFsET,neha.iyer600@student.edu
S09601,tNTd18MNHHPj,sreya.reddy601@student.edu
S09602,2Ab7yxlKaPmn,pooja.kumar602@student.edu
S09603,mf2O2hyz28Ak,kiran.pillai603@student.edu
S09604,cA8Z4h7QJHCL,priya.patel604@student.edu
S09605,1T8YI0mnfew4,kiran.sharma605@student.edu
S09606,ZQhesYxaHUUk,divya.iyer606@student.edu
S09607,e6IPx2w6IgAY,divya.iyer607@student.edu
S09608,Clvl19hdSQ15,anand.reddy608@student.edu
S09609,xPtxILwxLMqY,sneha.sharma609@student.edu
S09610,ZfePSmbNJZEu,kiran.iyer610@student.edu
S09611,4J8gKLlMxvfs,priya.menon611@student.edu
S09612,MM4cAJAD4NPl,divya.reddy612@student.edu
S09613,uI2ah6GCXi9d,kavya.das613@student.edu
S09614,MubCopwEPp0R,nikhil.das614@student.edu
S09615,FtVIvLtJwA0p,sreya.pillai615@student.edu
S09616,NDKQKRXR3uHD,priya.nair616@student.edu
S09617,xfvWQ2NBYV78,arjun.das617@student.edu
S09618,zjumYZWmdKur,sanjay.kumar618@student.edu
S09619,zCQgTNQUNi9d,kavya.nair619@student.edu
S09620,tDN9pOKYm9Ao,akhil.pillai620@student.edu
S09621,9cs1NtNHPncs,rahul.patel621@student.edu
S09622,Ev6ur2GMkK93,kiran.pillai622@student.edu
S09624,yGpuNqAT7dq9,arjun.menon624@student.edu
S09625,GrcDfjNuOjBT,sreya.das625@student.edu
S09626,9Wsg3EGUNm05,rohit.patel626@student.edu
S09627,Y0aqVVjL3RdI,vishnu.sharma627@student.edu
S09628,RMrHtarzVd4X,meera.kumar628@student.edu
S09629,5CkrhTX6J3i9,sanjay.gupta629@student.edu
S09630,y3MokChE8npE,kiran.das630@student.edu
S09632,nYcXPjJwRcsV,aditya.patel632@student.edu
S09633,0dRs5K3xZO0F,pooja.das633@student.edu
S09634,s12tlKnHCxYB,priya.iyer634@student.edu
S09635,fSbLpw06Hzb1,vishnu.reddy635@student.edu
S09636,kCl6sHBqBi0m,rahul.nair636@student.edu
S09637,k2OlftIi8NQl,kiran.menon637@student.edu
S09638,ZU6rmCB0EJJp,neha.iyer638@student.edu
S09639,R6CWEOGa4OfY,sneha.kumar639@student.edu
S09640,1oE92w45rWK0,arjun.nair640@student.edu
S09642,UoXYu8IBQEO6,meera.gupta642@student.edu
S09643,uQamWTmES6VU,neha.pillai643@student.edu
S09644,qiZaYKJ8qN0j,sneha.pillai644@student.edu
S09645,BOv8cRogH8Qc,anjali.kumar645@student.edu
S09646,LDdiVmnWcnv1,sanjay.das646@student.edu
S09647,9YAPbNyi5rrr,nikhil.gupta647@student.edu
S09648,VZEbZrwWB1Jj,neha.patel648@student.edu
S09649,CSQ2n2GlZM1l,rohit.menon649@student.edu
S09650,nwYqM4JRfmzQ,sneha.gupta650@student.edu
S09651,nNtJiFz4zFWZ,sreya.kumar651@student.edu
S09652,ZlYkoGkZ86bH,divya.das652@student.edu
S09653,fMDwNJx4FcFU,anand.reddy653@student.edu
S09654,qPgFaUgcSxck,aishwarya.nair654@student.edu
S09655,8HNTY0FNzcip,sneha.reddy655@student.edu
S09656,SmHEgpY2ewTH,anjali.sharma656@student.edu
S09657,8ieqgCltk78N,rahul.kumar657@student.edu
S09658,hnh7I8LQWxEQ,rahul.iyer658@student.edu
S09659,pEgOKevqooXQ,priya.kumar659@student.edu
S09660,2bQrN6gWSLzh,kavya.kumar660@student.edu
S09661,O1GGor5M24Uj,aishwarya.pillai661@student.edu
S09662,eHGKlStXzXGo,rahul.gupta662@student.edu
S09663,YFgjMSN33e66,kavya.iyer663@student.edu
S09664,7UFwNBuAZK4q,nikhil.das664@student.edu
S09665,uBBARCOsI9gx,meera.sharma665@student.edu
S09666,BZg8jxeMVbQE,sreya.gupta666@student.edu
S09667,G8TaeJ1gfU58,sanjay.patel667@student.edu
S09668,UewO0icjU6eb,pooja.menon668@student.edu
S09669,7wImrwFaOoab,akhil.sharma669@student.edu
S09670,AgXtQ8ldMvkK,rahul.das670@student.edu
S09671,Ey2Y4li7hS9m,rahul.nair671@student.edu
S09672,7QOP7lmD3WcZ,akhil.patel672@student.edu
S09673,tA2c6ubx0rBr,aditya.pillai673@student.edu
S09674,EqQR4djHKxUZ,rahul.das674@student.edu
S09675,37gQpnHQyNEt,kiran.patel675@student.edu
S09676,fyP9siDQ4E7d,pooja.patel676@student.edu
S09677,wH6SeWKn0zXw,sreya.reddy677@student.edu
S09678,Lvnz676W2Z1x,rahul.kumar678@student.edu
S09679,jsitoXVBfT3l,vishnu.sharma679@student.edu
S09680,SP49FhJ3SmT9,sanjay.menon680@student.edu
S09681,ec873gZsMrUE,priya.das681@student.edu
S09682,r46SWS7MgaD9,arjun.menon682@student.edu
S09683,VZIaoZDHyFMo,arjun.menon683@student.edu
S09684,whyVlBMXBe4W,kavya.kumar684@student.edu
S09685,6r9mJ2PyTIJp,aditya.das685@student.edu
S09686,V5sJN1BqdQN9,priya.patel686@student.edu
S09687,LJkPI2MNQ8Sh,sanjay.nair687@student.edu
S09688,tanRZQSh2BaP,priya.menon688@student.edu
S09689,JCIHBzefr9K1,meera.sharma689@student.edu
S09690,dWpYPZxgeIMD,rahul.menon690@student.edu
S09691,XQ8ipnUwPewu,anjali.das691@student.edu
S09692,kO8D4cIU7Wga,akhil.gupta692@student.edu
S09693,pvJxGC1MTYnT,pooja.nair693@student.edu
S09694,qjcHBGUIS2F9,akhil.nair694@student.edu
S09695,1lUqLaWjEVpB,neha.pillai695@student.edu
S09696,jtT0Nsa7h5m2,akhil.iyer696@student.edu
S09697,ikqvoQSNWTQA,divya.sharma697@student.edu
S09698,UotijWVmnzG4,anand.patel698@student.edu
S09699,xMGrDt00BdJq,vishnu.menon699@student.edu
S09700,L6U5mEycEWny,nikhil.reddy700@student.edu
S09701,ItPZhh7Mhla8,rahul.nair701@student.edu
S09702,A2BWGbElWjPT,kavya.kumar702@student.edu
S09703,iRKMtmcol1IJ,kavya.menon703@student.edu
S09704,Y14nMuv15vjP,aditya.gupta704@student.edu
S09705,iWNdUqMXXHQ2,aditya.gupta705@student.edu
S09706,DHfkM7KGgfeb,priya.gupta706@student.edu
S09707,J9XNx0NKRfxr,priya.menon707@student.edu
S09708,1GW3NqkB2kNj,sneha.nair708@student.edu
S09709,ht4jbz3w4z5L,aishwarya.menon709@student.edu
S09710,JN9geqwQRhGg,akhil.sharma710@student.edu
S09711,oGh0bxkoXypd,sreya.reddy711@student.edu
S09712,efbVxgJxts7o,anjali.sharma712@student.edu
S09713,fy5msecIO13s,meera.iyer713@student.edu
S09715,gON3h9mNpYvG,arjun.das715@student.edu
S09716,6GXuTLJ6VWUh,kavya.pillai716@student.edu
S09717,oSI08L3qAXK8,sanjay.pillai717@student.edu
S09718,Q0Kd9HRGeuXG,kavya.sharma718@student.edu
S09719,eKuv4cSG1PLz,arjun.gupta719@student.edu
S09720,BGRpthPXeavv,sanjay.gupta720@student.edu
S09721,7cR6W7xDCEbp,neha.das721@student.edu
S09722,oT3Ya3PVGaX8,kiran.menon722@student.edu
S09723,6Cg2NU65C0xc,aditya.iyer723@student.edu
S09724,CE5GSgDAbqtg,anand.sharma724@student.edu
S09725,w4jdC9k41F2o,rohit.das725@student.edu
S09726,FdgwFyk8qXKe,anjali.kumar726@student.edu
S09727,heW27O10vZuT,pooja.gupta727@student.edu
S09728,MnAFQAAV0pcn,pooja.nair728@student.edu
S09729,wunrFijCqOgy,anjali.das729@student.edu
S09730,NBnXn5k8CdFr,kiran.pillai730@student.edu
S09731,AJNSmr9XMsLb,arjun.kumar731@student.edu
S09732,WmsMDTQzCS0h,neha.menon732@student.edu
S09733,X22lbmm7WgKk,pooja.iyer733@student.edu
S09734,7kyDm4oQGF1C,meera.kumar734@student.edu
S09735,IyY3i5l4S9Ye,sreya.reddy735@student.edu
S09736,iIeDTEfqnRux,sanjay.das736@student.edu
S09737,QuV87cIwRjwt,sreya.pillai737@student.edu
S09738,uEX6dfUM6rC7,sneha.das738@student.edu
S09739,v9IYy1mRWSkP,akhil.reddy739@student.edu
S09740,eSPk887Ihz8P,aditya.pillai740@student.edu
S09741,mAZUljZsNcNt,akhil.gupta741@student.edu
S09742,mQh4gRoq9hJR,pooja.nair742@student.edu
S09743,TIvChjvU2Y0k,priya.sharma743@student.edu
S09744,uq0lG8R5TNvo,kiran.menon744@student.edu
S09745,CEDffSI3n0zh,vishnu.das745@student.edu
S09746,3KWMklJG0OMv,anand.nair746@student.edu
S09748,miKVgMNxeftb,vishnu.reddy748@student.edu
S09749,rjviS3N8CLlz,rahul.pillai749@student.edu
S09750,2Nrs21kA7ek2,rahul.iyer750@student.edu
S09751,xv0fVAA7a2oZ,vishnu.gupta751@student.edu
S09752,AWF35pZCgNqn,sanjay.iyer752@student.edu
S09753,9elrVEdZPLBo,priya.patel753@student.edu
S09754,E9sCMr13NeL0,sanjay.das754@student.edu
S09755,tvNajw7NeLZu,vishnu.menon755@student.edu
S09756,iXqv7KgZVfsO,meera.patel756@student.edu
S09757,MWZ7b9XDreAQ,pooja.reddy757@student.edu
S09758,5E2u5UKwMVML,sanjay.patel758@student.edu
S09760,4ap0WqquU491,kavya.sharma760@student.edu
S09761,16WgiGWzeCC2,akhil.menon761@student.edu
S09762,d5zUYqlsrGlo,rahul.das762@student.edu
S09763,NTEWGBdnlaIW,pooja.pillai763@student.edu
S09764,xUzqC3ZY8JCD,meera.das764@student.edu
S09765,qcBePrlDWJ8A,sanjay.patel765@student.edu
S09766,Zw5ox68p29oS,priya.das766@student.edu
S09767,OaXbJVlX3YWI,akhil.kumar767@student.edu
S09768,RLfLH6ExAyMF,aditya.gupta768@student.edu
S09769,M2LuzzRHaeT3,kavya.das769@student.edu
S09770,n64lvPBodFTk,sneha.iyer770@student.edu
S09771,Vuy0s6Mm5sKA,nikhil.gupta771@student.edu
S09772,QgSJJYWx3ce4,arjun.gupta772@student.edu
S09773,KDc4ha2145pJ,neha.reddy773@student.edu
S09774,sE2MswkASWk5,sreya.patel774@student.edu
S09775,pXKI2FuOtJ6Z,anjali.pillai775@student.edu
S09776,7FOdOSBRBOpZ,sreya.das776@student.edu
S09777,pTCBk57a5BuK,arjun.sharma777@student.edu
S09778,xrW5IAN6CL5F,nikhil.menon778@student.edu
S09779,AShAsxOoNFtd,arjun.menon779@student.edu
S09780,Srofv4cnqBbd,kiran.gupta780@student.edu
S09781,Nl9jRtBfVjTK,rohit.reddy781@student.edu
S09782,tM0VfbJPPR9n,kiran.das782@student.edu
S09783,6wYbEyo0f6s4,meera.sharma783@student.edu
S09784,NOXkLcRQgMZ0,rahul.sharma784@student.edu
S09785,PSYM9Ek1qncG,meera.das785@student.edu
S09786,XnKSb5BW2CUB,pooja.nair786@student.edu
S09787,f2JxXp1gWBqf,nikhil.iyer787@student.edu
S09788,YGxuiToUtjOg,nikhil.das788@student.edu
S09789,ydqsrSXBnK56,kiran.iyer789@student.edu
S09790,CxLM8IriXIUz,pooja.menon790@student.edu
S09791,YJzfpIWkmMsL,nikhil.patel791@student.edu
S09792,ae2627bZhWbf,sanjay.menon792@student.edu
S09793,p9cuXVAEwaTe,anjali.reddy793@student.edu
S09794,xJ5Ch17TPZal,meera.sharma794@student.edu
S09795,8bSnSCyGO8vi,arjun.gupta795@student.edu
S09796,8wfOY9OuOKx6,vishnu.kumar796@student.edu
S09797,X4IjMGnp9k1r,aditya.sharma797@student.edu
S09798,zcpLXPFDD1r1,sanjay.kumar798@student.edu
S09799,v7xz7D1Qc3rm,anjali.patel799@student.edu
S09800,ew7l3SbwLP1D,aditya.iyer800@student.edu
S09801,UT1bHlwGrAHx,rahul.iyer801@student.edu
S09802,3ekrCBn7uzlU,vishnu.reddy802@student.edu
S09803,TCiB8DtQXECj,meera.kumar803@student.edu
S09804,i6DPjWSi2l9K,sanjay.reddy804@student.edu
S09805,p3bvWW5Hapmr,vishnu.reddy805@student.edu
S09806,AojTlPHfBWVh,aditya.gupta806@student.edu
S09807,zSK6xwtaLwOu,meera.reddy807@student.edu
S09808,aJ8P4OhFTu4U,sanjay.patel808@student.edu
S09809,UJWj44xiL1qX,anand.das809@student.edu
S09810,xcFCmZfs2rDI,aditya.patel810@student.edu
S09811,q3OQ0wJ4etrJ,kiran.iyer811@student.edu
S09812,QAd7pwj2UVlQ,arjun.kumar812@student.edu
S09813,Z4BawMytNrzS,aditya.nair813@student.edu
S09814,DY7QEfNBpsim,rohit.nair814@student.edu
S09815,jx467ZYC94Le,aishwarya.kumar815@student.edu
S09816,zdJU5y8UvmPx,aishwarya.gupta816@student.edu
S09817,JIBW8fd0eOOR,vishnu.das817@student.edu
S09818,F0vyob76bAaW,divya.menon818@student.edu
S09819,6IZtKGENhGaV,meera.patel819@student.edu
S09820,c7gYLiKtpiAq,akhil.kumar820@student.edu
S09821,YG9WPNREyCaw,arjun.kumar821@student.edu
S09822,81R1i4pRcXd1,anand.das822@student.edu
S09823,Gwss1wvnOZQc,arjun.iyer823@student.edu
S09824,XodX29ZiXYvS,kiran.sharma824@student.edu
S09825,ds94O1wS3zDa,meera.gupta825@student.edu
S09826,MLST84uHq1n1,kiran.iyer826@student.edu
S09827,dCzXj5gh3UEc,priya.gupta827@student.edu
S09828,92vgsssTCrav,pooja.nair828@student.edu
S09829,c6mbTXYY3VYN,arjun.iyer829@student.edu
S09830,fxZTNRQXBuWy,nikhil.kumar830@student.edu
S09831,mJvMrHqMQkuU,priya.menon831@student.edu
S09832,YA04600xqmye,rohit.sharma832@student.edu
S09833,QuV91VIQ2sVx,sneha.kumar833@student.edu
S09834,zJQU8kUcnQbD,priya.sharma834@student.edu
S09835,WNU3SBgavEy2,anjali.reddy835@student.edu
S09836,i2v3GBziRPui,kavya.iyer836@student.edu
S09837,nXgJCzmLe3WA,pooja.patel837@student.edu
S09838,FVM8iXOxTn40,akhil.pillai838@student.edu
S09840,KCAGQqBe2xaW,divya.nair840@student.edu
S09841,t2sAIwVpI12t,arjun.menon841@student.edu
S09842,GGCkg3m2uWcp,kavya.kumar842@student.edu
S09843,IgRn2RxNU0FG,divya.das843@student.edu
S09844,dwMKuEAHCjOL,kavya.gupta844@student.edu
S09845,4wTvXvn8JvvS,priya.reddy845@student.edu
S09846,Qt857rCGKNlq,vishnu.gupta846@student.edu
S09847,Gl7PnZ1yjxpt,sanjay.patel847@student.edu
S09848,6Zt7A7DLksim,anand.pillai848@student.edu
S09849,EDVnjBtoPZlp,kiran.gupta849@student.edu
S09850,j8S4FfzGZFjX,kavya.das850@student.edu
S09851,BpPnS7UWiMwN,sanjay.reddy851@student.edu
S09852,HVWlAN3in7EV,kavya.patel852@student.edu
S09853,qIGJ50p4tbXy,anand.iyer853@student.edu
S09854,CDD9BvOGjj75,sneha.das854@student.edu
S09855,5qG2fs3XGinR,divya.kumar855@student.edu
S09856,EafiCyAC4LyY,nikhil.das856@student.edu
S09857,knojMP2Ww4Xb,pooja.gupta857@student.edu
S09858,hvZ2IM1TqUrH,priya.pillai858@student.edu
S09859,xblXh3tWDDwf,sneha.das859@student.edu
S09860,vwEzVlghIvVJ,rohit.das860@student.edu
S09861,LeF0gTatHS9N,pooja.menon861@student.edu
S09862,7vWclgG5mIBX,anand.sharma862@student.edu
S09863,dvlZFs6uN2QE,sanjay.sharma863@student.edu
S09864,bFQiBvKtZTc8,aishwarya.gupta864@student.edu
S09865,vyYn3GfnmTld,akhil.pillai865@student.edu
S09867,caTrC5L6uhLb,nikhil.kumar867@student.edu
S09868,lTPZjIqoG9eZ,sreya.nair868@student.edu
S09869,R9UvcYkqPC6r,sreya.menon869@student.edu
S09870,8jnTKnm8H4mO,rohit.gupta870@student.edu
S09871,s2TztJr9ddsx,kiran.iyer871@student.edu
S09872,Y6GbZGcDmRvH,rahul.sharma872@student.edu
S09873,XSMtzMJIaBke,anjali.gupta873@student.edu
S09874,IdT4BNhUZs1b,sneha.iyer874@student.edu
S09875,ZtMr3LiM9MZi,rahul.das875@student.edu
S09876,8foa4cHeJW3k,sreya.reddy876@student.edu
S09877,YZgNfbcs1a6n,rahul.iyer877@student.edu
S09878,svJA6hc22W2O,priya.das878@student.edu
S09879,z9XtLRd8lH6d,akhil.kumar879@student.edu
S09880,XZzafyeU7Tdr,aishwarya.iyer880@student.edu
S09881,0fYB0yd23k1g,arjun.das881@student.edu
S09882,1xANBUjU3dX0,vishnu.kumar882@student.edu
S09883,gAoIIhmcvhuF,anjali.reddy883@student.edu
S09884,9MwY68A0V3zl,kavya.menon884@student.edu
S09885,zT4WGqEIeCqa,priya.reddy885@student.edu
S09886,qedM8qbBQxFr,aditya.reddy886@student.edu
S09887,1hYkG5ccFuA8,sneha.sharma887@student.edu
S09888,y8n2TaDKRGVw,priya.reddy888@student.edu
S09889,yYzoKi0dHHvL,neha.sharma889@student.edu
S09890,ygy9aGvf78ch,anjali.reddy890@student.edu
S09891,U9u9th6Kcawu,pooja.sharma891@student.edu
S09892,4PnmwQrCW8in,anand.patel892@student.edu
S09893,xNdGoenD0qja,divya.reddy893@student.edu
S09894,DCYcrifCQX03,neha.gupta894@student.edu
S09895,H6szJ3lM03e0,akhil.iyer895@student.edu
S09896,o1bb1KjmUp5v,kavya.sharma896@student.edu
S09897,nwpVUHODGSo9,akhil.sharma897@student.edu
S09898,OysJJyKMzwy0,pooja.iyer898@student.edu
S09899,W2dTpGF1xjMN,sanjay.patel899@student.edu
S09900,EdmRKGKyjwm7,kavya.sharma900@student.edu
S09901,hEDuZEtFs0Pi,kavya.menon901@student.edu
S09902,H9O1sOEsn1bT,sneha.nair902@student.edu
S09903,N5GxtvjkmnPE,kiran.nair903@student.edu
S09904,N5Dz9F2Fx7Cf,divya.patel904@student.edu
S09905,qbotrdCpxFPD,akhil.kumar905@student.edu
S09906,Pgrt0jc2GoqX,arjun.das906@student.edu
S09907,uiIny3MK3Nl3,rohit.reddy907@student.edu
S09908,mWCFq5tvOLK1,sreya.nair908@student.edu
S09909,bZnW91E6Kc0w,priya.nair909@student.edu
S09910,NxVb0jlS7B8o,meera.patel910@student.edu
S09911,m6r5W5OpWgWI,neha.nair911@student.edu
S09912,ixRxGwOa1BEs,pooja.pillai912@student.edu
S09913,WyJBbngAxXuW,sneha.kumar913@student.edu
S09914,dKcnqsBcKUeu,arjun.das914@student.edu
S09916,3Da5ag2sP1qV,anand.reddy916@student.edu
S09917,nsFCUo3QHC3K,nikhil.kumar917@student.edu
S09918,uei3FW2AKLru,anand.iyer918@student.edu
S09919,jXwYFhSgukNM,divya.das919@student.edu
S09920,GNr2rfJLsFfO,neha.patel920@student.edu
S09921,RU5DjIgZu8bW,kiran.nair921@student.edu
S09922,8BPovCsz7NGx,aishwarya.das922@student.edu
S09923,HIG5pWSkWpAd,kavya.das923@student.edu
S09924,57UWnMCt9RTZ,arjun.reddy924@student.edu
S09925,NHrKUnaGOBPX,nikhil.patel925@student.edu
S09926,1Ko9D5XfmcE6,kiran.iyer926@student.edu
S09927,I1Hb6eLNVFlw,arjun.patel927@student.edu
S09928,mC1foF7u7rql,anjali.iyer928@student.edu
S09929,Nfr2v91xxkkX,meera.das929@student.edu
S09930,T53IM5HL1J4D,divya.patel930@student.edu
S09931,1Uc8CXIfSolQ,anjali.gupta931@student.edu
S09932,5N5EcuWZLrIp,sreya.pillai932@student.edu
S09933,6b4iXOVcZ1nf,neha.sharma933@student.edu
S09934,DKGu2pWUKboK,sreya.gupta934@student.edu
S09935,xtdmA9FQEzER,vishnu.patel935@student.edu
S09936,kb4J1fnH2J6c,pooja.iyer936@student.edu
S09937,Q7W4vja74LnB,sreya.reddy937@student.edu
S09938,NhhjBdQ3SB4D,anand.das938@student.edu
S09939,qYJwRqKwFn1E,anjali.patel939@student.edu
S09940,lt52CMo5CQAE,sneha.gupta940@student.edu
S09941,X0FMTMHHf9oR,meera.das941@student.edu
S09942,X6yghfGIJ6mA,kiran.sharma942@student.edu
S09943,O51K10dyv2Ud,aditya.pillai943@student.edu
S09944,y4j5kEmlJiyj,aditya.das944@student.edu
S09945,XlVY38Vy1Y1Q,meera.patel945@student.edu
S09946,knSy4tkuhDai,meera.sharma946@student.edu
S09947,dHOogWwI6Hke,arjun.gupta947@student.edu
S09948,WdsloC8DmcTJ,neha.nair948@student.edu
S09949,1QfKgCDlFHHh,priya.menon949@student.edu
S09950,4Z9dKNxSEJDg,anand.reddy950@student.edu
S09951,deR5zam9u6so,anand.sharma951@student.edu
S09952,HLOdTojVSo40,kiran.kumar952@student.edu
S09953,QQjaP6rIpn0h,neha.patel953@student.edu
S09954,tDzZtWtiPiCg,anjali.gupta954@student.edu
S09955,Wp3Pq01Db9a7,kavya.reddy955@student.edu
S09956,igCHkpmvUQWB,kavya.kumar956@student.edu
S09957,rokNjiFxNc40,akhil.iyer957@student.edu
S09959,5UQ5HahxhcFB,sanjay.gupta959@student.edu
S09960,QW1p0G5OC3T9,divya.gupta960@student.edu
S09961,tFDtGLgYo2Sz,aishwarya.sharma961@student.edu
S09962,9BWOiHvhxeYx,sneha.sharma962@student.edu
S09963,6t7EX2xO2A6u,meera.patel963@student.edu
S09964,T9psKSif7Qti,rahul.nair964@student.edu
S09965,L11SRgQzbK7I,rohit.menon965@student.edu
S09966,5g7w5nrAimhf,priya.menon966@student.edu
S09967,2CcUehRw50DQ,sanjay.pillai967@student.edu
S09968,xt1bj8K0mOS7,divya.menon968@student.edu
S09969,VD3d1pt5KWwd,nikhil.pillai969@student.edu
S09970,bsAdoYr3solk,aishwarya.kumar970@student.edu
S09971,2FB6iwMhQbsk,arjun.menon971@student.edu
S09972,Y7jtavTFThrn,kavya.pillai972@student.edu
S09973,UvRju258Ytla,divya.menon973@student.edu
S09974,ZaNcbJ4Hm0k5,rahul.gupta974@student.edu
S09975,SZqYW3rkgJGW,pooja.nair975@student.edu
S09976,tlkfal3iMb2l,kavya.patel976@student.edu
S09977,k6Hlfrkv5xIx,sanjay.reddy977@student.edu
S09978,1J4DzFlCGmL7,sneha.kumar978@student.edu
S09979,czBrn0HMDd1h,nikhil.iyer979@student.edu
S09980,FiKKWXDllFRb,nikhil.nair980@student.edu
S09981,RW7zEjAqqlWL,divya.nair981@student.edu
S09982,KnQhm0ylM3x0,divya.sharma982@student.edu
S09983,wFD5WhKqelho,kiran.das983@student.edu
S09984,4r5K02f15Sjg,anand.patel984@student.edu
S09985,21A42szfWfwV,kiran.menon985@student.edu
S09986,w0MHoIAqSlGY,sreya.gupta986@student.edu
S09987,HvhbvrXIsnrp,kiran.sharma987@student.edu
S09988,O2zs2Pg1b52g,neha.patel988@student.edu
S09989,HN7Hfy5naX46,kiran.kumar989@student.edu
S09991,xJKvzNGNYYAB,pooja.gupta991@student.edu
S09992,dlK9ECJwbzWV,neha.menon992@student.edu
S09993,v5wNn2WbrsjE,sneha.kumar993@student.edu
S09994,PsGPI2s6V4Rv,aishwarya.nair994@student.edu
S09995,KrlbOhP5QKBt,aishwarya.nair995@student.edu
S09996,tutnJHzCnNoT,vishnu.sharma996@student.edu
S09997,Urz7llx9w5VZ,vishnu.iyer997@student.edu
S09998,LgnuIzkK2Qsd,pooja.kumar998@student.edu
S09999,HpAz8oOdWGUw,akhil.menon999@student.edu
S10000,cnnGfw2N2xEM,divya.reddy000@student.edu
